1: 10 19 29
2: 13 41
3: 7 8 18 20 28 43 48
4: 25 46
5: 29 34 45
6: 14 22 23 27 29 37 40 42
7: 3 18 19 24 27
8: 3 21 23 28
9: 25 44 46 47
10: 1 20 34
11: 16 34 37 40 49
12: 13 16 33 36
13: 2 12 21 30 46
14: 6 21
15: 26 38 47
16: 11 12 34 42
17: 40
18: 3 7 26
19: 1 7 21 33 35
20: 3 10 22 44 46 48
21: 8 13 14 19 23
22: 6 20 34
23: 6 8 21 31 35 42
24: 7
25: 4 9 32 42 44
26: 15 18 27 29
27: 6 7 26 38 47 50
28: 3 8 35 37 47
29: 1 5 6 26 32 42
30: 13 42 48
31: 23 43
32: 25 29 33
33: 12 19 32 34
34: 5 10 11 16 22 33 39
35: 19 23 28 45 46
36: 12
37: 6 11 28 44 50
38: 15 27 43
39: 34 44 45
40: 6 11 17
41: 2 46
42: 6 16 23 25 29 30 49
43: 3 31 38
44: 9 20 25 37 39
45: 5 35 39
46: 4 9 13 20 35 41 49
47: 9 15 27 28
48: 3 20 30
49: 11 42 46
50: 27 37

1: 8 13 15 27 39
2: 7 18 22 36 39 43 44 50
3: 9 18 30 43
4: 7 8 18 24 30 38 48
5: 10 18
6: 14 38 39
7: 2 4 13 19 20 26 49
8: 1 4 22 23 28 44 47
9: 3 26
10: 5 28 33 47
11: 16 24 34 47 48
12: 16 20 22 30 40 41
13: 1 7 17
14: 6 35
15: 1 18 36 40
16: 11 12 43
17: 13 21 30
18: 2 3 4 5 15 49
19: 7 24 30
20: 7 12 24 38
21: 17 25 36 45
22: 2 8 12 28 30
23: 8 37
24: 4 11 19 20 26 40
25: 21 30 31
26: 7 9 24
27: 1 30
28: 8 10 22 47
29: 
30: 3 4 12 17 19 22 25 27
31: 25
32: 46 48
33: 10 38 46 50
34: 11
35: 14 39 41
36: 2 15 21 43
37: 23
38: 4 6 20 33 42
39: 1 2 6 35 44 47
40: 12 15 24 48
41: 12 35
42: 38 46 48
43: 2 3 16 36 48
44: 2 8 39 47
45: 21
46: 32 33 42
47: 8 10 11 28 39 44 48
48: 4 11 32 40 42 43 47
49: 7 18
50: 2 33

1: 15 16 33 43 48 49
2: 18
3: 31 37 47
4: 24 28 38 49
5: 22 37
6: 37 42
7: 22 26 28
8: 16
9: 26 31 39
10: 11 13 30 40 41
11: 10 39 40 47 49
12: 32 33
13: 10 15 27 41 50
14: 24 26 43 50
15: 1 13 29 32
16: 1 8 17 38
17: 16 30 33 35
18: 2 22 45
19: 26 42 45 47
20: 23 26
21: 44 47
22: 5 7 18 34 44
23: 20 24
24: 4 14 23 31
25: 44 47
26: 7 9 14 19 20 43 47
27: 13 33 43
28: 4 7 30 32 33 35 40 43 44 46 50
29: 15 46 47
30: 10 17 28 37
31: 3 9 24 50
32: 12 15 28 40
33: 1 12 17 27 28 46 47
34: 22 39
35: 17 28 37
36: 42 48
37: 3 5 6 30 35
38: 4 16 41 49
39: 9 11 34
40: 10 11 28 32
41: 10 13 38
42: 6 19 36
43: 1 14 26 27 28 46 49
44: 21 22 25 28 46 49
45: 18 19
46: 28 29 33 43 44
47: 3 11 19 21 25 26 29 33
48: 1 36
49: 1 4 11 38 43 44
50: 13 14 28 31

1: 16 21 22 28 35 42
2: 19 31 43
3: 23 30
4: 7 17 23 28
5: 
6: 32 35 36
7: 4 10 24 42
8: 11 19 21 42 43 50
9: 14 23 36 38
10: 7 14 34
11: 8 23 28
12: 38 40 42
13: 24 39 41 43
14: 9 10 27 37 44
15: 24 31 46
16: 1 30 31 34
17: 4 32 34
18: 36
19: 2 8 35 36
20: 30 50
21: 1 8 24 34 41 48
22: 1 29
23: 3 4 9 11 25 44 50
24: 7 13 15 21 37 40
25: 23 29 34 41 45
26: 28
27: 14 32 41 49 50
28: 1 4 11 26 37
29: 22 25 41 48
30: 3 16 20 33 39 50
31: 2 15 16 36
32: 6 17 27
33: 30 36
34: 10 16 17 21 25 35 39 48
35: 1 6 19 34 44 49
36: 6 9 18 19 31 33 45
37: 14 24 28 40 48
38: 9 12
39: 13 30 34 46
40: 12 24 37 50
41: 13 21 25 27 29
42: 1 7 8 12
43: 2 8 13
44: 14 23 35 48
45: 25 36
46: 15 39
47: 48 50
48: 21 29 34 37 44 47
49: 27 35
50: 8 20 23 27 30 40 47

1: 2 21 24 39 46
2: 1 17 27 36 37 44 45
3: 21 22 47 48
4: 18 30 34 35 40
5: 13 14 22 23 24 27 31 35
6: 10 50
7: 18 25 36
8: 9 20 38 47
9: 8 13 14 16 19 28 33 43 45
10: 6 19 27 41 42 48
11: 31 39
12: 15 24
13: 5 9 34 35 38 39 50
14: 5 9 15 28
15: 12 14 26 35
16: 9 20 26 50
17: 2 29
18: 4 7 34 44
19: 9 10 29 36 38 39
20: 8 16 23 26 39 41 43 48
21: 1 3 41 46
22: 3 5 29 34 40
23: 5 20 44
24: 1 5 12
25: 7 49
26: 15 16 20 48
27: 2 5 10 28 36 50
28: 9 14 27 37
29: 17 19 22 45 49
30: 4 31
31: 5 11 30 48
32: 
33: 9 48 49
34: 4 13 18 22 38
35: 4 5 13 15
36: 2 7 19 27
37: 2 28 44 45
38: 8 13 19 34 44 45
39: 1 11 13 19 20
40: 4 22 44 46
41: 10 20 21 44
42: 10 46 49
43: 9 20 47
44: 2 18 23 37 38 40 41
45: 2 9 29 37 38
46: 1 21 40 42
47: 3 8 43
48: 3 10 20 26 31 33 50
49: 25 29 33 42
50: 6 13 16 27 48

1: 2 35 42
2: 1 10 13 22 40
3: 18 25 28
4: 6 13 18 28 30 46
5: 10 26 29 40 44
6: 4 20 28
7: 38
8: 11 24 25 42 50
9: 48 49
10: 2 5 29
11: 8 23 24 35 38
12: 13 16 31 42
13: 2 4 12 22 35 47
14: 21 39
15: 20 30 32 45 47
16: 12 20 47
17: 39 44 45
18: 3 4 19 27 41
19: 18 22 37
20: 6 15 16 25 28
21: 14 25
22: 2 13 19 48
23: 11
24: 8 11 25 41
25: 3 8 20 21 24
26: 5
27: 18 31 46
28: 3 4 6 20 29 31 49 50
29: 5 10 28 37 39
30: 4 15 31 45 47
31: 12 27 28 30
32: 15 37 44 45
33: 
34: 47 49
35: 1 11 13 41
36: 
37: 19 29 32
38: 7 11 49
39: 14 17 29 42
40: 2 5
41: 18 24 35 49
42: 1 8 12 39 43 45 47
43: 42 48
44: 5 17 32 45
45: 15 17 30 32 42 44
46: 4 27 50
47: 13 15 16 30 34 42
48: 9 22 43 50
49: 9 28 34 38 41 50
50: 8 28 46 48 49

1: 5 8 12 18 50
2: 7 9 26 27 29 35 40 47
3: 13 29 34 37 49
4: 5 14 30 44 46 50
5: 1 4 24 25 26 42 44
6: 23 28 38 39
7: 2 17 38
8: 1 16 39 43 47
9: 2 30 38
10: 12 29 39
11: 23 41 44 47 48
12: 1 10 19 22 29 50
13: 3 16 24 28 49
14: 4 18 33 35 39 46 48 50
15: 16 20 30 34 38 40
16: 8 13 15 50
17: 7 34 37 48
18: 1 14 23 26 31 32 33
19: 12 21 22 29 49
20: 15 28 33
21: 19 23 34
22: 12 19 26 31 36 49 50
23: 6 11 18 21 34 38
24: 5 13 29 36
25: 5 27 30 43
26: 2 5 18 22 32
27: 2 25 34 36 40 41 42 46
28: 6 13 20 43 48
29: 2 3 10 12 19 24 39
30: 4 9 15 25 44 46
31: 18 22 34 35 39
32: 18 26 34 43
33: 14 18 20
34: 3 15 17 21 23 27 31 32 45
35: 2 14 31
36: 22 24 27
37: 3 17
38: 6 7 9 15 23 47
39: 6 8 10 14 29 31
40: 2 15 27 42 45
41: 11 27
42: 5 27 40 43 47
43: 8 25 28 32 42 50
44: 4 5 11 30
45: 34 40
46: 4 14 27 30
47: 2 8 11 38 42
48: 11 14 17 28 49
49: 3 13 19 22 48
50: 1 4 12 14 16 22 43

1: 14 21 25 45
2: 7 9 12 24 44 50
3: 22 34 39 45
4: 22 24
5: 
6: 7 11 16 19 30 35 38 45
7: 2 6 24 36 45
8: 18 31
9: 2 13 27 50
10: 11 25 29 37
11: 6 10 23 34 49
12: 2 26 45
13: 9 22 29 31 43
14: 1 35 39 46
15: 35 37 46
16: 6 31 38 45
17: 30 36 41 43 45
18: 8 20 28 29 33 41
19: 6 22 31 44 46
20: 18 35
21: 1 30
22: 3 4 13 19 26 27 32 44
23: 11 25 31 33
24: 2 4 7 28 33 39 43 44
25: 1 10 23 40
26: 12 22 28
27: 9 22
28: 18 24 26 38
29: 10 13 18 37 38
30: 6 17 21 46
31: 8 13 16 19 23 38
32: 22 40 46
33: 18 23 24
34: 3 11 41
35: 6 14 15 20 37 40 42 46
36: 7 17 39
37: 10 15 29 35 42
38: 6 16 28 29 31
39: 3 14 24 36
40: 25 32 35 45 48
41: 17 18 34
42: 35 37 48
43: 13 17 24
44: 2 19 22 24 46 50
45: 1 3 6 7 12 16 17 40
46: 14 15 19 30 32 35 44
47: 
48: 40 42
49: 11
50: 2 9 44

1: 3 8 10 34 39 40 41
2: 13 14 23 24 28 33
3: 1 9 10 24 32
4: 15 16 36 37
5: 39
6: 34 47
7: 14 17 27 45 48
8: 1 24 31 37 44 45
9: 3 37 50
10: 1 3 17 23 39 44 47
11: 23 31 35 45
12: 14 48
13: 2 16 20 29 33 36 39
14: 2 7 12 32
15: 4 26 30 45
16: 4 13 21 23
17: 7 10 22 26
18: 23 40 43 44 47
19: 
20: 13 23
21: 16 33
22: 17 23 28 29 33 50
23: 2 10 11 16 18 20 22 48
24: 2 3 8 28 46 48
25: 46
26: 15 17 34
27: 7 39 47
28: 2 22 24 33 40 42
29: 13 22 49 50
30: 15 46 48
31: 8 11 32 35 48
32: 3 14 31
33: 2 13 21 22 28 40
34: 1 6 26 38 41
35: 11 31 40
36: 4 13
37: 4 8 9 39 41
38: 34
39: 1 5 10 13 27 37 49
40: 1 18 28 33 35
41: 1 34 37
42: 28
43: 18 48
44: 8 10 18
45: 7 8 11 15
46: 24 25 30 47
47: 6 10 18 27 46
48: 7 12 23 24 30 31 43
49: 29 39
50: 9 22 29

1: 48
2: 10 17 24 47
3: 8 21 27 37 45
4: 23 30 34 36 45 47
5: 13 27
6: 17 21 25 29 40
7: 14 22 25
8: 3 13 17 35
9: 15 44
10: 2 22 40
11: 30 50
12: 14 19 41 44 46 47
13: 5 8 18
14: 7 12 20 24
15: 9 18 28 32
16: 39 44
17: 2 6 8 22 26 27 48
18: 13 15 49
19: 12 50
20: 14 30 34
21: 3 6 22
22: 7 10 17 21 41
23: 4 38 41 42 45 47
24: 2 14 50
25: 6 7 34 50
26: 17 29 30 37 43
27: 3 5 17 47 49
28: 15 31 37
29: 6 26
30: 4 11 20 26 49
31: 28
32: 15 33 37 38 44 50
33: 32 49
34: 4 20 25 49
35: 8 45
36: 4 43 48
37: 3 26 28 32 47
38: 23 32
39: 16
40: 6 10
41: 12 22 23
42: 23
43: 26 36
44: 9 12 16 32 45
45: 3 4 23 35 44
46: 12
47: 2 4 12 23 27 37 50
48: 1 17 36
49: 18 27 30 33 34
50: 11 19 24 25 32 47

1: 2
2: 1 9 30 35 42 46
3: 13 14 25 26
4: 7 33
5: 15 26
6: 8 23 39 40
7: 4 9 22 23 36
8: 6 27 46
9: 2 7 36
10: 30
11: 18 30 37
12: 14 33
13: 3 14 19 20
14: 3 12 13 16 33
15: 5 23
16: 14 23 37 44 49
17: 20 36 40 47 50
18: 11 27 31 47
19: 13 24 27
20: 13 17 34
21: 25 32 40 42
22: 7 26 30
23: 6 7 15 16 30 37
24: 19 28 46
25: 3 21 43
26: 3 5 22 29
27: 8 18 19 31 39 44 46
28: 24
29: 26 41 45
30: 2 10 11 22 23
31: 18 27 41
32: 21 34 38
33: 4 12 14 40
34: 20 32 38 43
35: 2 44 49
36: 7 9 17 48
37: 11 16 23
38: 32 34 46
39: 6 27
40: 6 17 21 33 46
41: 29 31
42: 2 21 44 45 47
43: 25 34 50
44: 16 27 35 42
45: 29 42
46: 2 8 24 27 38 40
47: 17 18 42
48: 36
49: 16 35 50
50: 17 43 49

1: 11 17 28 37 43
2: 10 25 31
3: 6 10 39 49
4: 13 23 24 25 30 40
5: 33
6: 3 7 34 42
7: 6 50
8: 16 19 40 45
9: 12 17 19 26 27 28 45
10: 2 3 15 39
11: 1 49
12: 9 17 28 31 49
13: 4 18 19 43 47 49
14: 21 22 31
15: 10 20 24 28
16: 8 25 27 34 39 48
17: 1 9 12 21 22 23 31 37
18: 13 22 24 25 27 41 43
19: 8 9 13 35 46
20: 15 32 38 47
21: 14 17 30 48
22: 14 17 18 24 28 33
23: 4 17
24: 4 15 18 22 32 40 41 43 50
25: 2 4 16 18
26: 9 36 39 48 49
27: 9 16 18 40 46 49
28: 1 9 12 15 22 50
29: 
30: 4 21 37
31: 2 12 14 17 40 44 45
32: 20 24 35 45
33: 5 22
34: 6 16
35: 19 32
36: 26 50
37: 1 17 30 47
38: 20 44
39: 3 10 16 26
40: 4 8 24 27 31 48 49
41: 18 24
42: 6 44 50
43: 1 13 18 24 48
44: 31 38 42 47
45: 8 9 31 32 46
46: 19 27 45
47: 13 20 37 44
48: 16 21 26 40 43 50
49: 3 11 12 13 26 27 40
50: 7 24 28 36 42 48

1: 14 17 28 29
2: 5 14 20 39 48
3: 11
4: 6 37
5: 2 32 38 41 46
6: 4 7 13 31 42
7: 6 27
8: 22 26 48 49
9: 15 17 24
10: 12 19 31
11: 3 44
12: 10 15 33 43
13: 6 20 36 38 43
14: 1 2 17 20 30 50
15: 9 12 25 26 34 40 43 47 49
16: 23 27 41
17: 1 9 14
18: 
19: 10 27 28 38
20: 2 13 14
21: 28 33
22: 8 40 41 45 47
23: 16 30
24: 9 31 32 38
25: 15 31 32 48
26: 8 15 35
27: 7 16 19 31
28: 1 19 21 30 39 47
29: 1 32 45
30: 14 23 28 41 48 50
31: 6 10 24 25 27 33 39 50
32: 5 24 25 29
33: 12 21 31
34: 15 47
35: 26
36: 13 43
37: 4
38: 5 13 19 24 40
39: 2 28 31
40: 15 22 38 43
41: 5 16 22 30 46
42: 6 46 49
43: 12 13 15 36 40
44: 11
45: 22 29
46: 5 41 42
47: 15 22 28 34
48: 2 8 25 30 50
49: 8 15 42
50: 14 30 31 48

1: 6 32 50
2: 4 23 31 46 50
3: 6 17 18 34
4: 2 5 6 22 35 42
5: 4 10 24 27 42 44 45
6: 1 3 4 7 8 14 21 26 31
7: 6 13 18 26
8: 6 20 49
9: 14 49
10: 5 12 29 32
11: 29 34 37 46
12: 10 19 25 27
13: 7 25 45 50
14: 6 9 26 31 40 41 43 49
15: 19
16: 22 28 38
17: 3 18 33 37 48
18: 3 7 17 29 41
19: 12 15 31 35
20: 8 27 38 44
21: 6 24 29 46
22: 4 16
23: 2
24: 5 21 34
25: 12 13
26: 6 7 14 28
27: 5 12 20 29
28: 16 26
29: 10 11 18 21 27
30: 42 43
31: 2 6 14 19 40
32: 1 10 33 48
33: 17 32
34: 3 11 24 42
35: 4 19 44
36: 42 46 49
37: 11 17 45
38: 16 20
39: 
40: 14 31
41: 14 18
42: 4 5 30 34 36
43: 14 30 45
44: 5 20 35
45: 5 13 37 43 47 50
46: 2 11 21 36
47: 45
48: 17 32
49: 8 9 14 36
50: 1 2 13 45

1: 34 38 46
2: 23 40 42 43
3: 9 10 13 35 50
4: 11 18 20 26 37 39 49
5: 11 37 43
6: 16 19 22 25 28 33
7: 30 31 45
8: 9 19 20 23 30 34
9: 3 8 18 26 50
10: 3 37
11: 4 5 12 32 39 49
12: 11 19 24
13: 3 16 22 23
14: 18 39 47
15: 25 40 43
16: 6 13 18 19 39 42 45
17: 33 36 48
18: 4 9 14 16 25 45
19: 6 8 12 16 24 49
20: 4 8 33
21: 36 43 46
22: 6 13 29 34
23: 2 8 13 45
24: 12 19
25: 6 15 18 26 47
26: 4 9 25 34
27: 50
28: 6 37
29: 22 35
30: 7 8 44
31: 7 36 49
32: 11 46 47
33: 6 17 20 43 47
34: 1 8 22 26 41
35: 3 29 40 47 50
36: 17 21 31 45
37: 4 5 10 28
38: 1 39 42 45
39: 4 11 14 16 38 42
40: 2 15 35 42
41: 34
42: 2 16 38 39 40
43: 2 5 15 21 33
44: 30
45: 7 16 18 23 36 38 47 48
46: 1 21 32
47: 14 25 32 33 35 45
48: 17 45
49: 4 11 19 31
50: 3 9 27 35

1: 9 19 24
2: 4 5 8 14 18 20
3: 19 37
4: 2 15 21 24 50
5: 2 24
6: 17 24 25 35
7: 44
8: 2 37 49
9: 1 29 30 37 41
10: 13 23 33
11: 24 36
12: 39
13: 10 20 26 29 47 49 50
14: 2 18 36
15: 4 17 19 29 32 34 39 45
16: 34
17: 6 15 19 20 21 26 31 47
18: 2 14 31 37 38 46
19: 1 3 15 17 29 31 33 35 42 46
20: 2 13 17 25 26 46
21: 4 17 27 29 45
22: 
23: 10 36 43
24: 1 4 5 6 11 37 40
25: 6 20 26 31 44 49
26: 13 17 20 25 29 31 50
27: 21 45 50
28: 30 43
29: 9 13 15 19 21 26 33
30: 9 28 40 49
31: 17 18 19 25 26 37 42
32: 15 39
33: 10 19 29 35
34: 15 16 42
35: 6 19 33 50
36: 11 14 23 39 48
37: 3 8 9 18 24 31 40
38: 18 44
39: 12 15 32 36
40: 24 30 37 44 47
41: 9 49
42: 19 31 34
43: 23 28 46
44: 7 25 38 40
45: 15 21 27 46 49
46: 18 19 20 43 45 48
47: 13 17 40
48: 36 46
49: 8 13 25 30 41 45
50: 4 13 26 27 35

1: 7 10 12 32 42
2: 48 49
3: 20 26 37 45
4: 21 43 48
5: 8 10 41 44 47
6: 7 8 17 22 32 40 43 49
7: 1 6 9 34 40 46
8: 5 6 14 42 43
9: 7 21 22 34 41 44 47
10: 1 5 11 29
11: 10 34 37 48
12: 1 15 16 18 20 21
13: 27 40
14: 8 21 42
15: 12 30
16: 12 27
17: 6 18 43 46 47 50
18: 12 17 19 21
19: 18 24
20: 3 12 22 23 41
21: 4 9 12 14 18 28 39
22: 6 9 20 33 47
23: 20 25 29 38 50
24: 19 34 35 39
25: 23
26: 3 37
27: 13 16 30 37
28: 21 30 41 45 48 49
29: 10 23 44 48
30: 15 27 28 36
31: 
32: 1 6
33: 22 50
34: 7 9 11 24
35: 24 42
36: 30 38
37: 3 11 26 27 46
38: 23 36 43
39: 21 24
40: 6 7 13 47
41: 5 9 20 28 49
42: 1 8 14 35
43: 4 6 8 17 38
44: 5 9 29 47
45: 3 28
46: 7 17 37
47: 5 9 17 22 40 44
48: 2 4 11 28 29
49: 2 6 28 41
50: 17 23 33

1: 8 11 31 40 41 42
2: 28 43 47
3: 5 8 14 34 38 47
4: 38 39 44
5: 3 6 14 44 46
6: 5 14 15 21 24
7: 20 27
8: 1 3 17 38
9: 20 30
10: 20
11: 1 15 22 33
12: 17 34
13: 29 37 44 49
14: 3 5 6 44
15: 6 11 16 23 34 45
16: 15 26 27 45
17: 8 12 23 29 34
18: 29 33 38
19: 22 25
20: 7 9 10 32 41
21: 6 37 41 43
22: 11 19 28 30 31 40 42 49
23: 15 17 30
24: 6 31 36
25: 19 41
26: 16 41 43 46
27: 7 16 32 44 50
28: 2 22
29: 13 17 18 44 49
30: 9 22 23 32 44
31: 1 22 24
32: 20 27 30 41
33: 11 18 42 43
34: 3 12 15 17
35: 36
36: 24 35 49
37: 13 21 45 49
38: 3 4 8 18
39: 4 44 49
40: 1 22
41: 1 20 21 25 26 32
42: 1 22 33 44 50
43: 2 21 26 33
44: 4 5 13 14 27 29 30 39 42
45: 15 16 37
46: 5 26
47: 2 3
48: 
49: 13 22 29 36 37 39
50: 27 42

1: 10 17 22 28 33 42
2: 7 10 20 21 26 30 49
3: 17
4: 19 47
5: 24 37
6: 16 28 44
7: 2 44
8: 38
9: 30 42
10: 1 2 22 34 40 46
11: 13 24
12: 34 35 45 46
13: 11 14 15 30 41 48
14: 13 26 27 31 37 38
15: 13 21 44
16: 6 20 21 29 38 41 44
17: 1 3 35 42
18: 39 50
19: 4 43
20: 2 16 29 33 34 38 40 42
21: 2 15 16
22: 1 10 28 40
23: 31
24: 5 11 31 35 45 48
25: 32 35 46 49
26: 2 14
27: 14 38 41 45
28: 1 6 22 40
29: 16 20 47
30: 2 9 13 35 49 50
31: 14 23 24 45
32: 25 42
33: 1 20
34: 10 12 20 40 44
35: 12 17 24 25 30 36
36: 35
37: 5 14
38: 8 14 16 20 27 45 49
39: 18 41
40: 10 20 22 28 34 43 45
41: 13 16 27 39
42: 1 9 17 20 32 43
43: 19 40 42 45
44: 6 7 15 16 34
45: 12 24 27 31 38 40 43 48
46: 10 12 25 50
47: 4 29
48: 13 24 45
49: 2 25 30 38
50: 18 30 46

1: 8 10 50
2: 9 12 13 32 36 41 49
3: 7 15 22 43
4: 10 12 36 46 47
5: 13
6: 9 20 27 50
7: 3 9 13 32 36
8: 1 33 34 39 50
9: 2 6 7 10 21 25 49
10: 1 4 9 36 43
11: 17 30 31 34 37 38 41
12: 2 4 35 38 47
13: 2 5 7 23 31 32
14: 29 36
15: 3 16 20 35 37 43
16: 15 43
17: 11 21
18: 28 41
19: 25 26 34
20: 6 15 22 28 43 46
21: 9 17 23 25 35
22: 3 20 36
23: 13 21 28 50
24: 
25: 9 19 21 26 37 43
26: 19 25 41
27: 6 30 33 47
28: 18 20 23 33
29: 14
30: 11 27 39 43 48 49
31: 11 13 49 50
32: 2 7 13
33: 8 27 28 37 45 46
34: 8 11 19
35: 12 15 21 39 44
36: 2 4 7 10 14 22 50
37: 11 15 25 33 41
38: 11 12 44
39: 8 30 35
40: 
41: 2 11 18 26 37
42: 
43: 3 10 15 16 20 25 30 47 49
44: 35 38
45: 33
46: 4 20 33
47: 4 12 27 43
48: 30
49: 2 9 30 31 43
50: 1 6 8 23 31 36

1: 2 15 39
2: 1 16 25 35
3: 13 30
4: 14 17 37 46
5: 14 19 22 44
6: 15 27
7: 26
8: 10 23 24
9: 15 23 31
10: 8 11 34 49
11: 10 27 30 40
12: 31 36 45
13: 3 27 29 30 36 39
14: 4 5 17
15: 1 6 9 21 49
16: 2 19 32 39 40 50
17: 4 14 31 37 41
18: 20 28 29 32 46
19: 5 16 26 36 39 44
20: 18 30 31 42
21: 15 26 42
22: 5 30 37
23: 8 9 31 43
24: 8 28 31 39
25: 2 29 37
26: 7 19 21 31
27: 6 11 13 29 34 35 39
28: 18 24 42 47
29: 13 18 25 27
30: 3 11 13 20 22 43
31: 9 12 17 20 23 24 26 35
32: 16 18 34
33: 36 48
34: 10 27 32 37 43
35: 2 27 31 40 43 44
36: 12 13 19 33
37: 4 17 22 25 34
38: 42
39: 1 13 16 19 24 27 48
40: 11 16 35
41: 17 50
42: 20 21 28 38
43: 23 30 34 35
44: 5 19 35 49
45: 12
46: 4 18
47: 28
48: 33 39
49: 10 15 44
50: 16 41

1: 19 42 50
2: 12 29 47
3: 
4: 27 39 42 47
5: 9 12 33
6: 17 26 28 30 46
7: 24 30 38 49
8: 12 42 45
9: 5 22 48
10: 16 24 40
11: 48
12: 2 5 8 21 24 43
13: 
14: 17 27 35 38 41 43 47
15: 42
16: 10 33
17: 6 14 41
18: 31
19: 1 22 24 50
20: 28 30 33 44 46
21: 12 29
22: 9 19 30 45 47
23: 30
24: 7 10 12 19 34 36 40 41 47 48 49 50
25: 31 39 48
26: 6 30 35 38
27: 4 14 38 47
28: 6 20 30 44 50
29: 2 21 38
30: 6 7 20 22 23 26 28 37
31: 18 25 46 47 50
32: 
33: 5 16 20 39 40
34: 24 42 43
35: 14 26 36 37
36: 24 35 41 43
37: 30 35 44
38: 7 14 26 27 29
39: 4 25 33 44
40: 10 24 33
41: 14 17 24 36
42: 1 4 8 15 34
43: 12 14 34 36 49 50
44: 20 28 37 39
45: 8 22 46
46: 6 20 31 45
47: 2 4 14 22 24 27 31 48
48: 9 11 24 25 47
49: 7 24 43
50: 1 19 24 28 31 43

1: 5 12 19 20 43
2: 3 42
3: 2 15 23 28 31 35 38
4: 15 39 44
5: 1 10 15 18
6: 17 24 25 40 45 50
7: 38 40 43 46
8: 18
9: 41 44
10: 5 13 33
11: 
12: 1 16 27 30 32
13: 10 15 18 25 26 43
14: 17 30
15: 3 4 5 13 24 32 48
16: 12 28 30 34 46
17: 6 14 34 45
18: 5 8 13 29 42
19: 1 37 42
20: 1 35 36 41
21: 
22: 37
23: 3 24 44 45
24: 6 15 23 31 41
25: 6 13 33 45
26: 13 41
27: 12 39 40
28: 3 16 31 42 44 45
29: 18
30: 12 14 16 31
31: 3 24 28 30 37
32: 12 15
33: 10 25 38 41
34: 16 17
35: 3 20
36: 20
37: 19 22 31 39 48
38: 3 7 33
39: 4 27 37 48 50
40: 6 7 27 43
41: 9 20 24 26 33
42: 2 18 19 28 43 46 48 50
43: 1 7 13 40 42
44: 4 9 23 28
45: 6 17 23 25 28
46: 7 16 42
47: 
48: 15 37 39 42
49: 
50: 6 39 42

1: 6 30 38 42
2: 25 40
3: 9 11 20 24 33
4: 28
5: 17 22 45 50
6: 1 15 19 22 40 41
7: 10 34 36
8: 11 34 46
9: 3 20 23 24 30
10: 7 28 46 50
11: 3 8 35 37 49
12: 20 38
13: 26 31 34 38 40
14: 28 33
15: 6 34
16: 33
17: 5 32
18: 21 28 48
19: 6 28
20: 3 9 12 22 32 47
21: 18 37 40 41
22: 5 6 20 28 33 45
23: 9
24: 3 9 38 45
25: 2 37 48
26: 13 35 48
27: 46 47
28: 4 10 14 18 19 22 39
29: 36 42 44
30: 1 9 33 40 44
31: 13 48 50
32: 17 20 48
33: 3 14 16 22 30 40
34: 7 8 13 15 38 42 46
35: 11 26 37 41
36: 7 29 49
37: 11 21 25 35
38: 1 12 13 24 34
39: 28
40: 2 6 13 21 30 33 41
41: 6 21 35 40 49
42: 1 29 34
43: 
44: 29 30
45: 5 22 24
46: 8 10 27 34 48
47: 20 27
48: 18 25 26 31 32 46 50
49: 11 36 41
50: 5 10 31 48

1: 7 22 23
2: 7
3: 9 30 32
4: 8 18 27
5: 13 29
6: 
7: 1 2 23 42 47
8: 4 49
9: 3 17 24 28 36 40
10: 23 40 48
11: 35 37
12: 
13: 5 35 40
14: 32
15: 
16: 22 33 36 44 47
17: 9 19 45
18: 4 44 46
19: 17 39 48
20: 
21: 24
22: 1 16 35 38 44 45 46
23: 1 7 10 30 32 42
24: 9 21 44
25: 28 38 45
26: 44 45
27: 4
28: 9 25 41 42
29: 5 36 42
30: 3 23 35 38 41
31: 40 49
32: 3 14 23 39 44 45
33: 16 44
34: 
35: 11 13 22 30 43
36: 9 16 29 39
37: 11
38: 22 25 30 45 49
39: 19 32 36 49
40: 9 10 13 31 47
41: 28 30 45 48
42: 7 23 28 29
43: 35
44: 16 18 22 24 26 32 33 47
45: 17 22 25 26 32 38 41
46: 18 22
47: 7 16 40 44
48: 10 19 41
49: 8 31 38 39
50: 

1: 27 31 45
2: 3 6 9 34 35
3: 2 7
4: 12 21 40
5: 14 19 34 42 50
6: 2 12 23
7: 3 12 27 48
8: 11 21 30 42 46 50
9: 2 21 24 33 50
10: 21 33 48
11: 8 13 18
12: 4 6 7 24 27 42 49
13: 11 34 38 40 44 45
14: 5 17 19 40 48
15: 22 39 48
16: 22
17: 14 19
18: 11 22 38 40
19: 5 14 17 26 28 37 41 42
20: 24 27 33 44
21: 4 8 9 10 33 38 43
22: 15 16 18 29 32
23: 6 32 45
24: 9 12 20 30 45
25: 26 29 40 47
26: 19 25 29 33
27: 1 7 12 20 46
28: 19 35
29: 22 25 26
30: 8 24
31: 1
32: 22 23 36
33: 9 10 20 21 26 35 44
34: 2 5 13
35: 2 28 33 38
36: 32 38 50
37: 19
38: 13 18 21 35 36
39: 15
40: 4 13 14 18 25
41: 19 42 49
42: 5 8 12 19 41
43: 21 47
44: 13 20 33 45
45: 1 13 23 24 44
46: 8 27
47: 25 43
48: 7 10 14 15 50
49: 12 41
50: 5 8 9 36 48

1: 8 14 20 30 38 50
2: 41 42
3: 17 30 42 44
4: 7 14 16 17 29 31 33 35
5: 17 32
6: 7 16
7: 4 6 36
8: 1 28 39
9: 37
10: 16 20 27 35 36
11: 24 28 41
12: 13 17 27 28 31 42
13: 12 25 29 33 47
14: 1 4 49
15: 20 35 43 49
16: 4 6 10 29 30
17: 3 4 5 12 28
18: 20 32 34 38
19: 21 32 33 37 45 46 47 48
20: 1 10 15 18
21: 19 24 36 44
22: 38 46
23: 27 40 44
24: 11 21
25: 13 34
26: 
27: 10 12 23 31
28: 8 11 12 17 38 48
29: 4 13 16 34 36 44 45
30: 1 3 16 42
31: 4 12 27 48
32: 5 18 19 43 50
33: 4 13 19 38 42 45
34: 18 25 29 43
35: 4 10 15 40 48
36: 7 10 21 29
37: 9 19
38: 1 18 22 28 33
39: 8
40: 23 35
41: 2 11 44
42: 2 3 12 30 33
43: 15 32 34
44: 3 21 23 29 41 47
45: 19 29 33 49 50
46: 19 22
47: 13 19 44
48: 19 28 31 35
49: 14 15 45
50: 1 32 45

1: 3 14 25 28 47
2: 6 16
3: 1 33 34 47
4: 16 21 27 37 44 50
5: 36 39 47
6: 2 17 50
7: 13
8: 22 35
9: 15 22 34 35
10: 11 33 42 49
11: 10 29 36 48
12: 19 21 27 39
13: 7 18 40 50
14: 1 22 30 32 45
15: 9 29 44
16: 2 4 18 25 50
17: 6 27 30 35 40 42 43 45
18: 13 16
19: 12 20 26 32 45 48
20: 19 28 35
21: 4 12 39
22: 8 9 14 25 48
23: 33 35 41 50
24: 38 43
25: 1 16 22 28 31 32
26: 19 32 34 36 40 43 47 48
27: 4 12 17 38 45
28: 1 20 25 41 44
29: 11 15 33 45 48
30: 14 17 44
31: 25 38 39
32: 14 19 25 26 41
33: 3 10 23 29 41
34: 3 9 26 45 47 49
35: 8 9 17 20 23 41 46
36: 5 11 26 48
37: 4
38: 24 27 31 39
39: 5 12 21 31 38 42 49
40: 13 17 26 48
41: 23 28 32 33 35
42: 10 17 39 43
43: 17 24 26 42
44: 4 15 28 30 47
45: 14 17 19 27 29 34
46: 35 47
47: 1 3 5 26 34 44 46
48: 11 19 22 26 29 36 40
49: 10 34 39
50: 4 6 13 16 23

1: 17 20 21
2: 6 11 14 23 25 28 33 37
3: 4 48
4: 3
5: 8 18 21 40
6: 2 42 44 46 47
7: 30 40 43 48
8: 5 21 38 48
9: 11 21 27 30 46 47
10: 39 48
11: 2 9 14 16 17 18 19 22 23 29
12: 18 22 44
13: 19 49
14: 2 11 15 28 47
15: 14 18 30
16: 11 31 40 41
17: 1 11 20 27 31
18: 5 11 12 15 36
19: 11 13 21 44
20: 1 17 27 29 42
21: 1 5 8 9 19 24 33 39
22: 11 12 36 40
23: 2 11 27
24: 21
25: 2 33
26: 43
27: 9 17 20 23 32 37 44
28: 2 14 40 43
29: 11 20 40 49
30: 7 9 15 34
31: 16 17 37 50
32: 27
33: 2 21 25 39 42 47
34: 30
35: 44
36: 18 22 40 44
37: 2 27 31 45 49
38: 8
39: 10 21 33 48
40: 5 7 16 22 28 29 36 45
41: 16 47 50
42: 6 20 33
43: 7 26 28
44: 6 12 19 27 35 36 48
45: 37 40 50
46: 6 9 47 48
47: 6 9 14 33 41 46
48: 3 7 8 10 39 44 46
49: 13 29 37 50
50: 31 41 45 49

1: 19 24 40 42 47
2: 19 39 47
3: 21 35 43
4: 16 37 44
5: 12 20 31 41 42
6: 7 10 19 24 32
7: 6 16
8: 9 15 20 23
9: 8 24 25 44
10: 6 16 38 50
11: 14 16 17 37
12: 5 16 19 24 26 49
13: 20 37 48
14: 11 16 20 31 34
15: 8 18
16: 4 7 10 11 12 14 25 33 45 47
17: 11 24 28 31 34 44
18: 15 49
19: 1 2 6 12 22 28 42
20: 5 8 13 14 28 33 34 41 46
21: 3
22: 19 33 49
23: 8 44 47
24: 1 6 9 12 17 47 49
25: 9 16 28 36
26: 12 39
27: 41 42
28: 17 19 20 25 50
29: 44
30: 37 48
31: 5 14 17 36 38 43
32: 6 33
33: 16 20 22 32
34: 14 17 20
35: 3 36 48
36: 25 31 35 41
37: 4 11 13 30
38: 10 31 45 49
39: 2 26 42
40: 1
41: 5 20 27 36
42: 1 5 19 27 39
43: 3 31
44: 4 9 17 23 29 45
45: 16 38 44 48
46: 20
47: 1 2 16 23 24
48: 13 30 35 45
49: 12 18 22 24 38
50: 10 28

1: 7
2: 13 36 47
3: 7 25 29 39
4: 6 18 19 23 42 43
5: 20 23 32
6: 4 12 13 15 18 43
7: 1 3 15 21 32
8: 35 40
9: 16 20
10: 14 24 28
11: 18 40 43
12: 6 21 24 27 40 41
13: 2 6 19 30 33 35 50
14: 10 31 37 46
15: 6 7 27 34 50
16: 9 25
17: 20 32 39 47
18: 4 6 11 26 39 42
19: 4 13
20: 5 9 17
21: 7 12
22: 26 32 35 43 44 48
23: 4 5 28
24: 10 12 29 43
25: 3 16 38 42 46
26: 18 22 28 29
27: 12 15 30 42 43
28: 10 23 26 48
29: 3 24 26 30 41 42
30: 13 27 29 34 36 40 46
31: 14
32: 5 7 17 22 44
33: 13
34: 15 30 40 50
35: 8 13 22 40 45 46 49
36: 2 30 45
37: 14 41 42
38: 25
39: 3 17 18 49
40: 8 11 12 30 34 35
41: 12 29 37 49
42: 4 18 25 27 29 37
43: 4 6 11 22 24 27
44: 22 32
45: 35 36
46: 14 25 30 35
47: 2 17
48: 22 28
49: 35 39 41
50: 13 15 34

1: 4 7 14 17 22 23 32 33 38 41 48
2: 4 15 22 39 43
3: 17 21 30 33 35 39 42
4: 1 2 7 9 18 30 45
5: 6 34 38
6: 5 8 39 44 49
7: 1 4 19 41 45
8: 6 13 33 41
9: 4 36
10: 25 27 32 36 48
11: 16 21 37
12: 15 24 39 48
13: 8 39 49 50
14: 1 15 26 38 43
15: 2 12 14 18 30 39 43
16: 11 27 35 37
17: 1 3 32
18: 4 15 30 37 47 49
19: 7 39 44
20: 29
21: 3 11 35 36
22: 1 2 28 46
23: 1 27 34 37 46
24: 12 46 50
25: 10 27 37 48 50
26: 14 29
27: 10 16 23 25
28: 22 30 45
29: 20 26 38 40 42
30: 3 4 15 18 28 40 45 46
31: 42
32: 1 10 17 43 44
33: 1 3 8 38 44
34: 5 23
35: 3 16 21 47
36: 9 10 21 43 46
37: 11 16 18 23 25 49
38: 1 5 14 29 33 41 42
39: 2 3 6 12 13 15 19
40: 29 30 41
41: 1 7 8 38 40 49
42: 3 29 31 38
43: 2 14 15 32 36
44: 6 19 32 33
45: 4 7 28 30 46 47
46: 22 23 24 30 36 45
47: 18 35 45
48: 1 10 12 25 50
49: 6 13 18 37 41
50: 13 24 25 48

1: 5 6
2: 7 24 38 39 42 49
3: 12 16 17 44
4: 6 7 32
5: 1 6 9 10 19 23 30 39
6: 1 4 5 14
7: 2 4 14 21 27 34 42
8: 13 27 40
9: 5 24 29 46
10: 5 11 15 29 46
11: 10 26 28 42
12: 3 48
13: 8 25 31 34
14: 6 7 30 33
15: 10 26 27 44 48
16: 3
17: 3
18: 20 36 47
19: 5 22 23 39
20: 18 50
21: 7 22 26 28 29 42
22: 19 21 39 46
23: 5 19 34 36
24: 2 9 28 48 49
25: 13 44
26: 11 15 21 42
27: 7 8 15 33 42
28: 11 21 24
29: 9 10 21 32 34 38 42 44 46
30: 5 14
31: 13 36
32: 4 29 40 45 49
33: 14 27
34: 7 13 23 29 36 40 42
35: 40
36: 18 23 31 34 42 50
37: 
38: 2 29 50
39: 2 5 19 22 46
40: 8 32 34 35 41
41: 40 43 46
42: 2 7 11 21 26 27 29 34 36 47
43: 41 44
44: 3 15 25 29 43
45: 32
46: 9 10 22 29 39 41
47: 18 42
48: 12 15 24
49: 2 24 32
50: 20 36 38

1: 5 26 50
2: 6 11 17 25 30 41
3: 46
4: 12 13 28
5: 1 6 17 26 27 28
6: 2 5 13 16 24 29 37
7: 17 18 22 32
8: 30 33
9: 10 27 38 43
10: 9 21
11: 2 14 31 37
12: 4 13 14 38
13: 4 6 12 28 29 35 47
14: 11 12 29 34 40 44
15: 25 36 45 47
16: 6 22 33
17: 2 5 7 20 29 33
18: 7 26 28 37 48
19: 34 40
20: 17 28 43
21: 10 27 33
22: 7 16 29 34
23: 26 29 39 45 47
24: 6 27 32
25: 2 15 31 45 47
26: 1 5 18 23 31 41
27: 5 9 21 24 33 34 41 46
28: 4 5 13 18 20 37 41
29: 6 13 14 17 22 23 44
30: 2 8 45
31: 11 25 26 46 48 49
32: 7 24 43 44
33: 8 16 17 21 27 50
34: 14 19 22 27
35: 13
36: 15 37 45
37: 6 11 18 28 36 47
38: 9 12
39: 23
40: 14 19 42 44 50
41: 2 26 27 28 48 50
42: 40 45
43: 9 20 32
44: 14 29 32 40
45: 15 23 25 30 36 42
46: 3 27 31
47: 13 15 23 25 37
48: 18 31 41
49: 31
50: 1 33 40 41

1: 2 4 12 16 28 30 47
2: 1 18 21
3: 22 28 39 48 50
4: 1 7 17 22 24 42
5: 10 14 35 37 40 43
6: 31 44
7: 4 11 28
8: 36 45 47
9: 13 18 26 28
10: 5 20 35 49
11: 7 21 31 38
12: 1 20 21 29 50
13: 9 16 46
14: 5 16 25 28 30 32 33
15: 37
16: 1 13 14 24 26
17: 4 20 25 35 47
18: 2 9
19: 22
20: 10 12 17 43 46
21: 2 11 12 29 46
22: 3 4 19 43
23: 28 29 45 46
24: 4 16 43
25: 14 17 35 43
26: 9 16 33 42 45
27: 30 43
28: 1 3 7 9 14 23 35 41 44
29: 12 21 23 38 47
30: 1 14 27 38 50
31: 6 11 46
32: 14 37
33: 14 26 38
34: 
35: 5 10 17 25 28 47 50
36: 8
37: 5 15 32
38: 11 29 30 33 49 50
39: 3 46 50
40: 5
41: 28 43 45
42: 4 26 45 48
43: 5 20 22 24 25 27 41
44: 6 28
45: 8 23 26 41 42 46 48
46: 13 20 21 23 31 39 45 47
47: 1 8 17 29 35 46
48: 3 42 45
49: 10 38
50: 3 12 30 35 38 39

1: 19 35
2: 27 37 47
3: 14 40
4: 5 15 22 30 41 48
5: 4 40 42
6: 22 32 36
7: 8 9 27 33 43
8: 7 9 26 38 47
9: 7 8 13 14 30
10: 14 18 21 24 40 45
11: 24
12: 
13: 9 17 38
14: 3 9 10 18 43
15: 4 35 38
16: 17 30 41
17: 13 16 25 34 47 48
18: 10 14 36 44
19: 1 22 28 34
20: 21 22 29 33 39 47
21: 10 20 22 30 42
22: 4 6 19 20 21 29 33 40
23: 32 41 47
24: 10 11 42
25: 17 29
26: 8
27: 2 7 39 40 48 49 50
28: 19 33
29: 20 22 25
30: 4 9 16 21 31 41
31: 30 39
32: 6 23 39 40
33: 7 20 22 28 39
34: 17 19
35: 1 15
36: 6 18 37
37: 2 36
38: 8 13 15
39: 20 27 31 32 33 49
40: 3 5 10 22 27 32 47
41: 4 16 23 30 45
42: 5 21 24
43: 7 14
44: 18
45: 10 41 46
46: 45
47: 2 8 17 20 23 40
48: 4 17 27
49: 27 39
50: 27

1: 23 28 32 33
2: 6
3: 14 19
4: 6 22 38 50
5: 19 50
6: 2 4 18 19 33 47
7: 20 28 34 41 42 44
8: 14 32 34 42 46
9: 14
10: 24 27 40
11: 44 48 49
12: 15 40
13: 39 50
14: 3 8 9 19 42
15: 12 37 46
16: 26 41 42 48
17: 37 43 47
18: 6
19: 3 5 6 14 44
20: 7 32 35 37
21: 22 31 39 40
22: 4 21 42 49
23: 1 28 42 49
24: 10 29 36 39 40
25: 
26: 16 27 34 36
27: 10 26 37
28: 1 7 23 33 35 49
29: 24
30: 
31: 21 32 47 50
32: 1 8 20 31 33 35
33: 1 6 28 32 35 36
34: 7 8 26 40
35: 20 28 32 33 43 46
36: 24 26 33 37 44 47
37: 15 17 20 27 36 39 40
38: 4
39: 13 21 24 37 50
40: 10 12 21 24 34 37
41: 7 16 42
42: 7 8 14 16 22 23 41
43: 17 35 47
44: 7 11 19 36
45: 
46: 8 15 35
47: 6 17 31 36 43
48: 11 16
49: 11 22 23 28
50: 4 5 13 31 39

1: 9 13 32 45
2: 3 11 12 18 28 31 32
3: 2 15
4: 9 11 16 24 50
5: 31 37 50
6: 19 35 50
7: 21 24 26 29 36 40
8: 12 15 25 34
9: 1 4 14 16 20 28
10: 12 31 32 42
11: 2 4 29 44
12: 2 8 10 27 43
13: 1 25
14: 9 39 47
15: 3 8 25 32 47 49
16: 4 9 22 41 49
17: 40
18: 2 36
19: 6 26 50
20: 9 33 37 46 47
21: 7 26 35
22: 16
23: 
24: 4 7 28 35 42
25: 8 13 15 38
26: 7 19 21 37 42
27: 12 30
28: 2 9 24 33 43 44
29: 7 11 32
30: 27
31: 2 5 10 37 38 47 50
32: 1 2 10 15 29 33 46
33: 20 28 32 43 50
34: 8 43 45 49
35: 6 21 24 42
36: 7 18
37: 5 20 26 31 47
38: 25 31
39: 14
40: 7 17 45
41: 16 42
42: 10 24 26 35 41
43: 12 28 33 34 46
44: 11 28 48
45: 1 34 40
46: 20 32 43 48
47: 14 15 20 31 37 48
48: 44 46 47
49: 15 16 34
50: 4 5 6 19 31 33

1: 3 7 12
2: 9 14 22 38 40 48
3: 1 11 26 28 38
4: 
5: 10 12 24 35
6: 23 24 40 41
7: 1 10 16 24 27 47
8: 23
9: 2 35 37 49
10: 5 7 11
11: 3 10
12: 1 5 19 26
13: 20
14: 2 31 44 49
15: 19 31
16: 7 29 45
17: 39
18: 25 31 43 46
19: 12 15 22 41
20: 13 31 35 36 40 47
21: 40
22: 2 19 32 35 40 41 42 43 50
23: 6 8 36 37 45 48
24: 5 6 7 46
25: 18 32 33
26: 3 12
27: 7 29 37 49
28: 3 32 43 45 46
29: 16 27 42
30: 
31: 14 15 18 20 33 37 45
32: 22 25 28
33: 25 31
34: 46
35: 5 9 20 22 39
36: 20 23
37: 9 23 27 31
38: 2 3
39: 17 35
40: 2 6 20 21 22
41: 6 19 22 46
42: 22 29 48
43: 18 22 28 49
44: 14
45: 16 23 28 31
46: 18 24 28 34 41 48
47: 7 20 49
48: 2 23 42 46
49: 9 14 27 43 47
50: 22

1: 10 13
2: 8 9 36 37
3: 7 12 19 27 34 48
4: 18 21 23 24 26 38 40
5: 9 12 17 26 28 40
6: 18 44
7: 3 27 41
8: 2 10 28 30 31
9: 2 5 17 35 47
10: 1 8 16 22 29
11: 21 23 30 31 36 40
12: 3 5 25 38
13: 1 26 33 34
14: 50
15: 24 27 28 36 37 42 50
16: 10 35 43 46
17: 5 9 40
18: 4 6 24
19: 3 28 45
20: 42 47
21: 4 11 29 35 36
22: 10 25 36 47
23: 4 11 44
24: 4 15 18 26 34
25: 12 22 30
26: 4 5 13 24 37
27: 3 7 15 39 48
28: 5 8 15 19 29 48
29: 10 21 28
30: 8 11 25 32 37 38 43
31: 8 11 32
32: 30 31 41
33: 13 39 43
34: 3 13 24
35: 9 16 21
36: 2 11 15 21 22 41
37: 2 15 26 30 48
38: 4 12 30 40 46
39: 27 33 44
40: 4 5 11 17 38
41: 7 32 36 44
42: 15 20 44
43: 16 30 33
44: 6 23 39 41 42 45 49
45: 19 44
46: 16 38
47: 9 20 22
48: 3 27 28 37 50
49: 44
50: 14 15 48

1: 7 19 36 39 49
2: 24 38
3: 10 26 27 36 45 48
4: 19 23 33
5: 8 29 38
6: 10 25 26 35 44
7: 1 20 28 32 44
8: 5 21 38 39 49
9: 11 25 48
10: 3 6 27 31 34
11: 9 13 14 25 36 45
12: 16 33 50
13: 11 28 35 36
14: 11 28 46 48
15: 21 43 47
16: 12 17 28 30 34 46
17: 16 22 45 46
18: 29 34 48
19: 1 4 20 31 39 40 41 46
20: 7 19 41 43 44
21: 8 15 24 46
22: 17 35 41 47
23: 4
24: 2 21 29 31 33 39
25: 6 9 11 30
26: 3 6 33
27: 3 10 28 42 43 44
28: 7 13 14 16 27 33 37 38 39 40 42
29: 5 18 24
30: 16 25 39
31: 10 19 24
32: 7
33: 4 12 24 26 28 36
34: 10 16 18 50
35: 6 13 22 44 47
36: 1 3 11 13 33 48
37: 28 38 49
38: 2 5 8 28 37
39: 1 8 19 24 28 30 40 49
40: 19 28 39
41: 19 20 22
42: 27 28
43: 15 20 27 47
44: 6 7 20 27 35 45
45: 3 11 17 44 47
46: 14 16 17 19 21
47: 15 22 35 43 45
48: 3 9 14 18 36
49: 1 8 37 39
50: 12 34

1: 7 11 14 25 36 38 42
2: 12 20 24 36 38 41 49
3: 13 28 31
4: 30 36 37 40 44
5: 8 9 13 17 25 26 27 37 44
6: 11 12 13 20 36 37 38 45 46
7: 1 10 20 39 50
8: 5 14 19 48
9: 5 14
10: 7 38 49
11: 1 6 12 20 23 43
12: 2 6 11 13 26 34
13: 3 5 6 12 24
14: 1 8 9 19 28 49
15: 43 50
16: 17 18 19 22 28 36 39 41
17: 5 16 20 42
18: 16 23 24
19: 8 14 16
20: 2 6 7 11 17 23 33 38
21: 40 42 48
22: 16 26 30 31 39
23: 11 18 20 35
24: 2 13 18 50
25: 1 5 47
26: 5 12 22 32 33
27: 5 38
28: 3 14 16 44
29: 30
30: 4 22 29
31: 3 22 32 36 37 43 50
32: 26 31 33 34 40
33: 20 26 32 43 49
34: 12 32
35: 23 39
36: 1 2 4 6 16 31 38 44 50
37: 4 5 6 31 47 50
38: 1 2 6 10 20 27 36 50
39: 7 16 22 35 45 48
40: 4 21 32
41: 2 16 42
42: 1 17 21 41 46
43: 11 15 31 33
44: 4 5 28 36 46 47
45: 6 39
46: 6 42 44 47
47: 25 37 44 46
48: 8 21 39
49: 2 10 14 33
50: 7 15 24 31 36 37 38

1: 2 5 12 14 27 30 31
2: 1 9 20
3: 8 13 19 27 31 38
4: 24
5: 1 14 21 36
6: 8 11 19 37 40 44
7: 10 12 16 28 38 44
8: 3 6 29 36 44 46
9: 2 22 34 36
10: 7 35 41 45 47 50
11: 6 23 41
12: 1 7 17 22 23 39
13: 3 25 33
14: 1 5 36 41 42
15: 18 33 36 37 45
16: 7 22 32
17: 12 33
18: 15 28 47
19: 3 6 21 28 30 37 42
20: 2 29 34 42
21: 5 19 24 25 28 44 48
22: 9 12 16 32 44 49
23: 11 12 26 32 39 41
24: 4 21
25: 13 21
26: 23 32 45
27: 1 3 28 38
28: 7 18 19 21 27 31 37 39 40 46
29: 8 20 36 37
30: 1 19 33 38 46
31: 1 3 28 38
32: 16 22 23 26 34 38 42 46
33: 13 15 17 30 34 45
34: 9 20 32 33 49
35: 10 46
36: 5 8 9 14 15 29 40 41 43
37: 6 15 19 28 29 40 43
38: 3 7 27 30 31 32 46
39: 12 23 28 40
40: 6 28 36 37 39 47
41: 10 11 14 23 36
42: 14 19 20 32 45
43: 36 37
44: 6 7 8 21 22 48
45: 10 15 26 33 42
46: 8 28 30 32 35 38
47: 10 18 40
48: 21 44
49: 22 34
50: 10

1: 28
2: 30 43
3: 11 15 26 27 32 35
4: 17 21 28 35 47
5: 13 20 31 40
6: 22
7: 37
8: 9 11 39
9: 8 19
10: 11 33
11: 3 8 10 20 23 25 44 47 48 49
12: 20 29 37
13: 5
14: 15 26 42
15: 3 14 28 33 43
16: 21 22 23
17: 4 18 22 42 46
18: 17 20 22 36
19: 9 24 26 29 44 47
20: 5 11 12 18 34
21: 4 16 29 37 40 41
22: 6 16 17 18 24 28 33 34 47
23: 11 16 28 29
24: 19 22 26 28 48
25: 11
26: 3 14 19 24 41
27: 3 45
28: 1 4 15 22 23 24
29: 12 19 21 23
30: 2
31: 5 43
32: 3
33: 10 15 22 38
34: 20 22 40
35: 3 4 48
36: 18 37
37: 7 12 21 36 45
38: 33 50
39: 8 41
40: 5 21 34 45
41: 21 26 39 42 48 50
42: 14 17 41 44
43: 2 15 31
44: 11 19 42 50
45: 27 37 40 46
46: 17 45
47: 4 11 19 22 48
48: 11 24 35 41 47
49: 11
50: 38 41 44

1: 15 17 38 48
2: 3 20 26 27 31 34
3: 2 26 31 35 42
4: 9
5: 8 9 19
6: 12 34 49
7: 26 48
8: 5
9: 4 5 17 24 31 42
10: 31 33 44
11: 17 35 49
12: 6
13: 16 32
14: 17 19 50
15: 1 18 37 42
16: 13 25 26 50
17: 1 9 11 14 27 31 32
18: 15 19
19: 5 14 18 28 38
20: 2 39
21: 48
22: 27 35 40
23: 46
24: 9 28 49
25: 16 45 49 50
26: 2 3 7 16 42
27: 2 17 22 33 40 41 42
28: 19 24 40 49
29: 39
30: 37 42 43
31: 2 3 9 10 17 36
32: 13 17 46
33: 10 27 43
34: 2 6 36 47 48
35: 3 11 22 46 47
36: 31 34 43
37: 15 30
38: 1 19 46
39: 20 29
40: 22 27 28
41: 27 46
42: 3 9 15 26 27 30 48
43: 30 33 36 48
44: 10
45: 25
46: 23 32 35 38 41 47
47: 34 35 46
48: 1 7 21 34 42 43 49
49: 6 11 24 25 28 48
50: 14 16 25

1: 8 14 19 49
2: 26 34 40
3: 15 33 46
4: 
5: 19 47
6: 17 43
7: 16 24 29 31
8: 1 9 10 16 17 19 25 33 36 50
9: 8 30 37
10: 8
11: 42 47
12: 25 28 39 44
13: 42 50
14: 1 15 28 37 42 46
15: 3 14 19 32 41 45 47
16: 7 8 25 42 48 50
17: 6 8 19 27 48
18: 42 45 48
19: 1 5 8 15 17 21 32 46
20: 32 36 49
21: 19 45
22: 25 31 45 48
23: 30 42
24: 7 26 35 44
25: 8 12 16 22 26 27 28 45
26: 2 24 25 32 40 50
27: 17 25
28: 12 14 25 32 44
29: 7 48
30: 9 23 38 39 42
31: 7 22 36
32: 15 19 20 26 28 47
33: 3 8 36 47 50
34: 2 39 46
35: 24 40 43
36: 8 20 31 33 42
37: 9 14 44 49 50
38: 30 43
39: 12 30 34
40: 2 26 35
41: 15 44 45
42: 11 13 14 16 18 23 30 36 43
43: 6 35 38 42 46 50
44: 12 24 28 37 41 45
45: 15 18 21 22 25 41 44 49
46: 3 14 19 34 43
47: 5 11 15 32 33 48 49
48: 16 17 18 22 29 47
49: 1 20 37 45 47 50
50: 8 13 16 26 33 37 43 49

1: 7 24 28
2: 12 14 22 26 40 47
3: 13 18 46
4: 18 31 37
5: 7 49
6: 20 21 25 26 35 37
7: 1 5 31
8: 32 34
9: 34 35 41
10: 30
11: 27 42 48
12: 2 15 23 27 45
13: 3 23 27 36
14: 2 17 37 44 46 47
15: 12 19 29 33 46
16: 20 46
17: 14 27 40
18: 3 4 20 30 40 41
19: 15 23 24 40 42
20: 6 16 18 25 33
21: 6 36 38 40 47 49
22: 2 26 41 49
23: 12 13 19
24: 1 19 28 29 49
25: 6 20 46
26: 2 6 22 42 49
27: 11 12 13 17 28 46
28: 1 24 27 32 41
29: 15 24 48
30: 10 18 45
31: 4 7 41
32: 8 28 50
33: 15 20 37 49
34: 8 9
35: 6 9 37
36: 13 21
37: 4 6 14 33 35 48
38: 21
39: 
40: 2 17 18 19 21
41: 9 18 22 28 31 43
42: 11 19 26
43: 41
44: 14
45: 12 30
46: 3 14 15 16 25 27
47: 2 14 21
48: 11 29 37 50
49: 5 21 22 24 26 33
50: 32 48

1: 6 7 21 44
2: 15 20 24 29 43 44
3: 10 12 31
4: 9 14 33
5: 14 15 21 41
6: 1 23 24 46
7: 1 19
8: 10 30 31 33
9: 4 17 19 23 27 42 45
10: 3 8
11: 21 28 39 48
12: 3 23 24 26 30 34 43
13: 23 45
14: 4 5 42
15: 2 5
16: 24 25 28
17: 9 26 42 43 45
18: 19 25 40 50
19: 7 9 18 36 42
20: 2 22 43 46
21: 1 5 11 23 31 38 39 41 45
22: 20 31 45
23: 6 9 12 13 21 49
24: 2 6 12 16 33
25: 16 18 38
26: 12 17 50
27: 9 30
28: 11 16 30 36
29: 2 50
30: 8 12 27 28 46 50
31: 3 8 21 22 36 48
32: 
33: 4 8 24 37 42
34: 12
35: 39
36: 19 28 31 49
37: 33 38 45
38: 21 25 37 42 46 48
39: 11 21 35 43
40: 18 50
41: 5 21
42: 9 14 17 19 33 38 43
43: 2 12 17 20 39 42 47
44: 1 2
45: 9 13 17 21 22 37
46: 6 20 30 38
47: 43
48: 11 31 38 50
49: 23 36
50: 18 26 29 30 40 48

1: 4 12 46 48
2: 12 17 21 23 25 35 40 42 47
3: 27 28
4: 1 6 10 34 45
5: 19 24
6: 4 22 31 42 46
7: 17 29 31 38 41 42
8: 9 10 12
9: 8 12 23 30 39 43 45
10: 4 8 22 49 50
11: 18 39
12: 1 2 8 9 24 35 42
13: 
14: 15 30 41
15: 14 24 45
16: 19 27 40 42
17: 2 7 31 37
18: 11 23 35 49
19: 5 16 24 25 27 34 35
20: 40 44
21: 2
22: 6 10 28 34 50
23: 2 9 18 50
24: 5 12 15 19 31 34 35 39
25: 2 19 31 39 47 49 50
26: 27
27: 3 16 19 26 35 42
28: 3 22 46
29: 7 37
30: 9 14
31: 6 7 17 24 25 32 38
32: 31
33: 50
34: 4 19 22 24 46
35: 2 12 18 19 24 27
36: 42
37: 17 29
38: 7 31 39
39: 9 11 24 25 38 42 50
40: 2 16 20 44 50
41: 7 14
42: 2 6 7 12 16 27 36 39
43: 9
44: 20 40
45: 4 9 15
46: 1 6 28 34 50
47: 2 25
48: 1
49: 10 18 25
50: 10 22 23 25 33 39 40 46

1: 8 23 32 47 48
2: 7 8 15 30 40
3: 27 42 50
4: 27 50
5: 27 34 47
6: 7 18 23
7: 2 6 47
8: 1 2 9 10 21 24
9: 8 22 23 31 39
10: 8 20 24 26 31 50
11: 16 42 46
12: 
13: 17 18 34
14: 20 36 37 43
15: 2 16 30 35 36
16: 11 15 25 33 47 48
17: 13 22 28 39
18: 6 13 20 25 32
19: 27
20: 10 14 18 22 39 50
21: 8 28 38
22: 9 17 20 31 33 42
23: 1 6 9 32
24: 8 10 29 45 49
25: 16 18 50
26: 10 29 32 44
27: 3 4 5 19 29 45
28: 17 21 47
29: 24 26 27 38 43 50
30: 2 15 32
31: 9 10 22
32: 1 18 23 26 30 47
33: 16 22 48 49
34: 5 13 46 47
35: 15 36
36: 14 15 35
37: 14 45 47
38: 21 29 39 43 50
39: 9 17 20 38 41
40: 2 42
41: 39 47
42: 3 11 22 40 43 44 48
43: 14 29 38 42
44: 26 42 48
45: 24 27 37
46: 11 34
47: 1 5 7 16 28 32 34 37 41
48: 1 16 33 42 44
49: 24 33
50: 3 4 10 20 25 29 38

1: 19 30 48
2: 12 20 24 29 44 48 49
3: 18 24 39
4: 11 15 21
5: 7 11 12 22 29 32 33 36 49
6: 24
7: 5 10 12 30 45
8: 12 13 47
9: 24 27
10: 7 20 24 37
11: 4 5 14 43
12: 2 5 7 8 21 25 39
13: 8 47 48
14: 11 17 23
15: 4 16 47 50
16: 15 28 47
17: 14 24 35 43 46 47
18: 3
19: 1 47 48
20: 2 10 31 34 47 50
21: 4 12 30
22: 5 25 31 40 49
23: 14 30 45 49 50
24: 2 3 6 9 10 17 33
25: 12 22
26: 32
27: 9 32 39
28: 16 29 39
29: 2 5 28 31 44
30: 1 7 21 23
31: 20 22 29 36 40 47
32: 5 26 27 37
33: 5 24 36 39
34: 20 35
35: 17 34 38 45
36: 5 31 33 48
37: 10 32
38: 35 45 48
39: 3 12 27 28 33
40: 22 31 42
41: 44
42: 40
43: 11 17
44: 2 29 41
45: 7 23 35 38 47
46: 17
47: 8 13 15 16 17 19 20 31 45
48: 1 2 13 19 36 38
49: 2 5 22 23 50
50: 15 20 23 49

1: 29 46 47
2: 19 38 42 50
3: 9 18 24 37 38
4: 9 24 29 48 50
5: 10 24 31 34
6: 37 44 47
7: 22 33 43
8: 29 36 41 49
9: 3 4 18
10: 5 21 22
11: 18 41
12: 35 38 40
13: 30 39
14: 21 39 42 46
15: 17 21 25 39 46
16: 22 27 29
17: 15 19 25 27 28 34
18: 3 9 11 22 32 41
19: 2 17 26
20: 36
21: 10 14 15 36
22: 7 10 16 18 27 42 46
23: 39
24: 3 4 5 26 33
25: 15 17 31 34 36 43
26: 19 24 28
27: 16 17 22
28: 17 26 31 42
29: 1 4 8 16 32 33
30: 13 40 41
31: 5 25 28 35
32: 18 29 35 42
33: 7 24 29 40 44 48
34: 5 17 25 39
35: 12 31 32
36: 8 20 21 25 42 48
37: 3 6
38: 2 3 12
39: 13 14 15 23 34
40: 12 30 33 47
41: 8 11 18 30 43
42: 2 14 22 28 32 36
43: 7 25 41 45
44: 6 33 45 49
45: 43 44
46: 1 14 15 22
47: 1 6 40
48: 4 33 36
49: 8 44
50: 2 4

1: 3 8 16 20 26 32 42
2: 23 35
3: 1 5 47
4: 18 22 24 31 39
5: 3 35 37 47
6: 31 44 49
7: 23 44 45
8: 1 19 41 44
9: 25 37 41 43
10: 
11: 46
12: 35 37 40 41
13: 15 17 50
14: 19 33 34 35 50
15: 13 32
16: 1 27 44
17: 13 28 41 44
18: 4 23 29 40 44
19: 8 14 20 34 39
20: 1 19 29 34 35 38 40 44 46
21: 35 36
22: 4 30 35 44 45
23: 2 7 18 24
24: 4 23 50
25: 9 26 35
26: 1 25 29 34 39 44 48
27: 16
28: 17
29: 18 20 26 38 45 48
30: 22 33
31: 4 6 35 44 47
32: 1 15 45
33: 14 30 40 41
34: 14 19 20 26 49 50
35: 2 5 12 14 20 21 22 25 31 45 48
36: 21 39
37: 5 9 12 46
38: 20 29 45
39: 4 19 26 36 40 44
40: 12 18 20 33 39 45 47 50
41: 8 9 12 17 33
42: 1 46 50
43: 9
44: 6 7 8 16 17 18 20 22 26 31 39
45: 7 22 29 32 35 38 40
46: 11 20 37 42 48
47: 3 5 31 40
48: 26 29 35 46
49: 6 34
50: 13 14 24 34 40 42

1: 9 10 23 36 45 50
2: 9 49
3: 5 16 39
4: 10 35 38
5: 3 6 28 32 37 41 46 48
6: 5 25 28 44 50
7: 16 37 44
8: 13 27 43
9: 1 2 10 20 41 43
10: 1 4 9 47
11: 13 16 25 43 46
12: 27 38
13: 8 11 15 20 21 31 40 44 47 50
14: 22 36
15: 13 33 45 48
16: 3 7 11 38 42
17: 18 29 36 42 49
18: 17 20 30 33 40
19: 21 26
20: 9 13 18 23 40 42 48
21: 13 19 23 27 29
22: 14 27
23: 1 20 21 47 48
24: 27 34 47 50
25: 6 11 29
26: 19 33 36 44
27: 8 12 21 22 24 31
28: 5 6
29: 17 21 25 30 33
30: 18 29 35 40 43
31: 13 27 39 47
32: 5
33: 15 18 26 29 39
34: 24
35: 4 30 41
36: 1 14 17 26 43
37: 5 7 38 40
38: 4 12 16 37 46
39: 3 31 33 40
40: 13 18 20 30 37 39 43
41: 5 9 35
42: 16 17 20
43: 8 9 11 30 36 40
44: 6 7 13 26
45: 1 15
46: 5 11 38
47: 10 13 23 24 31
48: 5 15 20 23
49: 2 17
50: 1 6 13 24

1: 20 33 34 37 39 45
2: 13
3: 6 12 13 14 30 38
4: 12 15 16 31 32
5: 16 27 30
6: 3 9
7: 
8: 14 16 37 40 41 42 45
9: 6 15 22 30 32 36
10: 35 47
11: 13 18 24 25
12: 3 4 21 23 24 26 32 42
13: 2 3 11 27 34 38 48
14: 3 8 17 22 32
15: 4 9 23 29 42
16: 4 5 8 50
17: 14 19 25 47
18: 11 29 39 48
19: 17 33 36
20: 1 29 49
21: 12 24 25 44
22: 9 14 29 31 41 48
23: 12 15 32
24: 11 12 21 47
25: 11 17 21 30 33 42 47
26: 12
27: 5 13 32 43 49
28: 
29: 15 18 20 22
30: 3 5 9 25 32 34 40
31: 4 22 35 40 42
32: 4 9 12 14 23 27 30 33
33: 1 19 25 32 34 35 37 46
34: 1 13 30 33 35
35: 10 31 33 34 40 48
36: 9 19 50
37: 1 8 33
38: 3 13 46
39: 1 18
40: 8 30 31 35 49
41: 8 22 43
42: 8 12 15 25 31 45 49
43: 27 41
44: 21 50
45: 1 8 42 50
46: 33 38
47: 10 17 24 25 50
48: 13 18 22 35
49: 20 27 40 42 50
50: 16 36 44 45 47 49

1: 11 12 19 31 32 33
2: 8
3: 24
4: 8 10 22 34 37 49
5: 12 14 29 46 50
6: 20 22 25 28 37 44 50
7: 9 38
8: 2 4 39
9: 7 17 28 35
10: 4 19 20 29
11: 1
12: 1 5 14 47
13: 25 31
14: 5 12 18 28 30
15: 45 48
16: 18 34 41
17: 9 31 33 39 44
18: 14 16 46
19: 1 10 24 27 49
20: 6 10 26 32 35
21: 34 38
22: 4 6 34 35 37
23: 50
24: 3 19 33 41
25: 6 13 30 40 46 47
26: 20 29
27: 19 34 36 48
28: 6 9 14 31 45
29: 5 10 26 38 46 49
30: 14 25 33 36
31: 1 13 17 28 39 49
32: 1 20
33: 1 17 24 30 41
34: 4 16 21 22 27 47
35: 9 20 22
36: 27 30
37: 4 6 22
38: 7 21 29 40
39: 8 17 31
40: 25 38 49
41: 16 24 33 45 49
42: 49
43: 47 48
44: 6 17
45: 15 28 41 46
46: 5 18 25 29 45 47
47: 12 25 34 43 46
48: 15 27 43
49: 4 19 29 31 40 41 42 50
50: 5 6 23 49

1: 10 11
2: 9 29 33 34
3: 11 16 21 38 46
4: 6 22 33 43 45
5: 24 31 49
6: 4 7 13 18 19 29
7: 6 20 32 39 41
8: 23 46
9: 2 11 31
10: 1 31 33
11: 1 3 9 12 17 21 40 47
12: 11 13
13: 6 12 25 28 45
14: 18 30 37
15: 16 25 29 35 37 40 42 49
16: 3 15 22 45
17: 11 45
18: 6 14 24 31 41
19: 6 30
20: 7 32 43
21: 3 11 22 27 33 42
22: 4 16 21 32 33 38 41 42 48
23: 8 36
24: 5 18 31
25: 13 15 31 40
26: 
27: 21 31
28: 13 29
29: 2 6 15 28
30: 14 19 47
31: 5 9 10 18 24 25 27 34 49
32: 7 20 22 35 36 39 41
33: 2 4 10 21 22 43
34: 2 31 36 38 43
35: 15 32 38
36: 23 32 34
37: 14 15 43
38: 3 22 34 35 41
39: 7 32
40: 11 15 25
41: 7 18 22 32 38
42: 15 21 22 43
43: 4 20 33 34 37 42
44: 49
45: 4 13 16 17 47
46: 3 8 47
47: 11 30 45 46
48: 22
49: 5 15 31 44
50: 

1: 5 6 39 48
2: 43
3: 9 13 16 49
4: 26 33 38
5: 1 9 22 44 50
6: 1 7 15 31 34 38 47
7: 6 21 22 41
8: 20 25 26
9: 3 5 49
10: 11 12 27
11: 10 48
12: 10 42 43 45
13: 3 40
14: 16 21 35 47
15: 6 22 28 35
16: 3 14 24 31 42
17: 21
18: 29 45 48 49 50
19: 22
20: 8 29 33 38 42 45
21: 7 14 17 32 33 35 43 44 48
22: 5 7 15 19 35 36 38
23: 27 37 42 48 49
24: 16 40
25: 8 30 48
26: 4 8 30 34 44
27: 10 23 30 42
28: 15 38
29: 18 20 38 40 43 50
30: 25 26 27 31
31: 6 16 30 39
32: 21 44
33: 4 20 21 49 50
34: 6 26
35: 14 15 21 22 36
36: 22 35 47
37: 23 40
38: 4 6 20 22 28 29 39 41
39: 1 31 38 43
40: 13 24 29 37 43
41: 7 38 49
42: 12 16 20 23 27 46
43: 2 12 21 29 39 40
44: 5 21 26 32 49
45: 12 18 20 46
46: 42 45
47: 6 14 36 50
48: 1 11 18 21 23 25
49: 3 9 18 23 33 41 44
50: 5 18 29 33 47

1: 3 5 18 31 35 41 43
2: 15 16 18 22 24 28 32 35 45
3: 1 7 43
4: 14 26 40 43
5: 1 8 17 23 25 28
6: 12 31 41
7: 3 26 28 30 33 41
8: 5 33 44 50
9: 17 18 21 34 50
10: 15 18 25 32 40 50
11: 
12: 6 13 48
13: 12 24
14: 4 18 24 35 40 46
15: 2 10 24 33
16: 2 39 40 46
17: 5 9 22 48 49
18: 1 2 9 10 14
19: 32 38
20: 31 32
21: 9 22 32 35 37
22: 2 17 21 24 46
23: 5 28 34 45
24: 2 13 14 15 22 29 31 40
25: 5 10 34 37 40 44
26: 4 7 50
27: 29 39
28: 2 5 7 23 36 43
29: 24 27 36 38 50
30: 7 42 49
31: 1 6 20 24 40
32: 2 10 19 20 21 35 37 42 47 49 50
33: 7 8 15 34 45
34: 9 23 25 33 42
35: 1 2 14 21 32 38 47
36: 28 29 48
37: 21 25 32 48
38: 19 29 35
39: 16 27
40: 4 10 14 16 24 25 31
41: 1 6 7 47
42: 30 32 34
43: 1 3 4 28 47
44: 8 25
45: 2 23 33 46
46: 14 16 22 45
47: 32 35 41 43 48
48: 12 17 36 37 47
49: 17 30 32 50
50: 8 9 10 26 29 32 49

1: 3 17 24 38
2: 18 20 22 23 26 33
3: 1 7 8 25 31 36 40 41
4: 7 15 19 23 31 32 36 37 39
5: 
6: 23 49
7: 3 4 14 22 28
8: 3 9
9: 8 47
10: 
11: 23 37
12: 16 18 20 21 32
13: 15 23
14: 7 35 42
15: 4 13 35 40
16: 12 31 46
17: 1 31 36 40 45
18: 2 12 33 38 41
19: 4 40 48 49
20: 2 12 31 41
21: 12 45
22: 2 7
23: 2 4 6 11 13 50
24: 1 25
25: 3 24 26 42 49
26: 2 25 36
27: 28 35
28: 7 27 30 48
29: 33 43 49
30: 28 42
31: 3 4 16 17 20
32: 4 12 34
33: 2 18 29
34: 32 47
35: 14 15 27 36
36: 3 4 17 26 35 40 41
37: 4 11 49
38: 1 18
39: 4
40: 3 15 17 19 36
41: 3 18 20 36 45
42: 14 25 30 50
43: 29 44
44: 43 48
45: 17 21 41 46
46: 16 45
47: 9 34
48: 19 28 44
49: 6 19 25 29 37
50: 23 42

1: 8 28 50
2: 25 48
3: 13 34 36 38
4: 6 46
5: 6 10 13 19
6: 4 5
7: 23 44 48
8: 1 30 41 45
9: 33 39
10: 5 11 29 37
11: 10 23 24 49
12: 29 33
13: 3 5 16 31 36
14: 38 47
15: 
16: 13 26 46 50
17: 19 32 39 42 45
18: 24 31 35 46
19: 5 17 28 40 48
20: 26 42 43 46 47
21: 28 34 44
22: 23 27 48
23: 7 11 22 37 48
24: 11 18 29 31 49
25: 2
26: 16 20
27: 22
28: 1 19 21 38
29: 10 12 24 45
30: 8
31: 13 18 24 34 36
32: 17
33: 9 12 38
34: 3 21 31 35
35: 18 34
36: 3 13 31 39 47
37: 10 23 44
38: 3 14 28 33
39: 9 17 36 41
40: 19
41: 8 39
42: 17 20 49
43: 20
44: 7 21 37 50
45: 8 17 29 47
46: 4 16 18 20 50
47: 14 20 36 45 48
48: 2 7 19 22 23 47
49: 11 24 42
50: 1 16 44 46

1: 29 33 39 41 49
2: 
3: 26 42 50
4: 7 37 43 44 49
5: 27 41
6: 19 38 39
7: 4 35
8: 16 25 42 47
9: 10 16 17 23 25 28 30 48
10: 9 13 16 28 34
11: 19
12: 15 36
13: 10 19 21 34
14: 15 24 38 43
15: 12 14 40
16: 8 9 10 38 39 47 49
17: 9 27 46
18: 23 26 27 28 32 39 41 44
19: 6 11 13 22 41
20: 40 42
21: 13 45
22: 19 29 44
23: 9 18 27 33 39 47
24: 14 31
25: 8 9 36 38 43
26: 3 18 33 34
27: 5 17 18 23 50
28: 9 10 18 44 50
29: 1 22 34
30: 9 38
31: 24
32: 18
33: 1 23 26 38 43
34: 10 13 26 29 47 48
35: 7 49
36: 12 25 38 42 46
37: 4 43 49
38: 6 14 16 25 30 33 36 49
39: 1 6 16 18 23 40 43 49
40: 15 20 39 41
41: 1 5 18 19 40 43 46 48
42: 3 8 20 36 43 46 50
43: 4 14 25 33 37 39 41 42 48
44: 4 18 22 28
45: 21 46
46: 17 36 41 42 45
47: 8 16 23 34
48: 9 34 41 43
49: 1 4 16 35 37 38 39
50: 3 27 28 42

1: 7 13 14
2: 41 48
3: 46
4: 27 36 38
5: 18 45
6: 11
7: 1 17 27 28 35
8: 11 17 27 43 44
9: 10 20 32
10: 9 34 47
11: 6 8 41 50
12: 20 28 34
13: 1 29 35 37
14: 1 26
15: 22 24 31 37
16: 33 49
17: 7 8 30
18: 5 24 30
19: 24 35
20: 9 12 21 41
21: 20 25 35
22: 15 26 46
23: 31
24: 15 18 19 26 27 36 39 50
25: 21 28 30 38
26: 14 22 24
27: 4 7 8 24 49 50
28: 7 12 25
29: 13 47
30: 17 18 25
31: 15 23
32: 9 33 48
33: 16 32 48
34: 10 12 49
35: 7 13 19 21 36 44 48
36: 4 24 35 40 43
37: 13 15
38: 4 25 45 48
39: 24
40: 36
41: 2 11 20
42: 
43: 8 36 44
44: 8 35 43 45
45: 5 38 44
46: 3 22
47: 10 29
48: 2 32 33 35 38
49: 16 27 34
50: 11 24 27

1: 30 34 35 38 47
2: 23 25
3: 15 31 41 46
4: 8 21 29 33 38 46 47
5: 11 42
6: 18 42 43 48
7: 12 47 50
8: 4 11 17 47
9: 36 48 50
10: 13 16 30 31 34 42
11: 5 8 13 31 32 38 40 45
12: 7 31 38 49
13: 10 11 15 35 36 48
14: 33 45
15: 3 13 42
16: 10 50
17: 8 20 29 44 50
18: 6 21 23 36
19: 43
20: 17 22 24 29
21: 4 18 24 28
22: 20 37 50
23: 2 18 31 41
24: 20 21 43 46
25: 2 35 42
26: 30
27: 33 49 50
28: 21 34 38 40
29: 4 17 20 38 39 44
30: 1 10 26 34 40 41 49
31: 3 10 11 12 23 36 37
32: 11 35 38
33: 4 14 27
34: 1 10 28 30 49
35: 1 13 25 32
36: 9 13 18 31
37: 22 31 49
38: 1 4 11 12 28 29 32
39: 29
40: 11 28 30 48
41: 3 23 30 42 43
42: 5 6 10 15 25 41
43: 6 19 24 41 49
44: 17 29
45: 11 14 46
46: 3 4 24 45
47: 1 4 7 8
48: 6 9 13 40 49
49: 12 27 30 34 37 43 48
50: 7 9 16 17 22 27

1: 8 22 23 27 28 29 30 48 50
2: 11 14 26 33 39 42
3: 36 38
4: 12 14
5: 7 28 29 36 45
6: 12 33 34 41 46
7: 5
8: 1 34
9: 13 18 19 43
10: 29 37 45
11: 2 16 17 24 28 44 49
12: 4 6
13: 9 16 20 24
14: 2 4 20 30 47
15: 39
16: 11 13 17 24 40 43 45
17: 11 16
18: 9 19
19: 9 18 37 40 42 49
20: 13 14 48
21: 35 39 42
22: 1 28 33 49 50
23: 1 26 32 40 42
24: 11 13 16 35
25: 45
26: 2 23 34
27: 1 34 35
28: 1 5 11 22 38
29: 1 5 10
30: 1 14 46
31: 32
32: 23 31 38 41
33: 2 6 22 35 36 42 44 46
34: 6 8 26 27 35
35: 21 24 27 33 34 42
36: 3 5 33 42 47
37: 10 19
38: 3 28 32
39: 2 15 21
40: 16 19 23
41: 6 32
42: 2 19 21 23 33 35 36
43: 9 16
44: 11 33
45: 5 10 16 25
46: 6 30 33
47: 14 36
48: 1 20
49: 11 19 22
50: 1 22

1: 26 34 43 49
2: 13 20
3: 12 34 46
4: 15 17 21 34 43
5: 35 40 48
6: 12 14 18 25 33 46 50
7: 20 22 38 48
8: 30 47 48
9: 11 17 31 39 45
10: 14 26 33 49 50
11: 9 28
12: 3 6 17 25 40 44 48
13: 2 17 31
14: 6 10 25 26 28 46
15: 4 18 23 25 27 28
16: 34 40 46 48
17: 4 9 12 13 29 44
18: 6 15 19 23 33 44
19: 18 21 28 40 46
20: 2 7 22 23
21: 4 19 25 35 37 38
22: 7 20 27 42 43
23: 15 18 20 27 32 46
24: 33 35
25: 6 12 14 15 21 28 44 48
26: 1 10 14 31 33 44 46 49
27: 15 22 23 28
28: 11 14 15 19 25 27 32 34 42 49
29: 17 49
30: 8 50
31: 9 13 26 48
32: 23 28 35 37
33: 6 10 18 24 26 34
34: 1 3 4 16 28 33
35: 5 21 24 32 38
36: 38 47
37: 21 32
38: 7 21 35 36 47
39: 9 41
40: 5 12 16 19 48
41: 39 47
42: 22 28 46 49
43: 1 4 22
44: 12 17 18 25 26
45: 9
46: 3 6 14 16 19 23 26 42
47: 8 36 38 41
48: 5 7 8 12 16 25 31 40
49: 1 10 26 28 29 42
50: 6 10 30

1: 17 22 28 29 36 50
2: 7 13 18 20 40 41 45
3: 27
4: 23 28 32
5: 22 30 35
6: 20 41 46
7: 2 37
8: 12 25 31 42
9: 12 20 28 44
10: 
11: 26 48
12: 8 9 18 21 28 35 39
13: 2 20 33
14: 19
15: 17 21 29 46
16: 18 32 39 46
17: 1 15 19 21 27 47
18: 2 12 16 26 33
19: 14 17 34
20: 2 6 9 13 21 23 27 33
21: 12 15 17 20 23 35 43
22: 1 5 28 33 35
23: 4 20 21 44
24: 25 43
25: 8 24 32 39 49
26: 11 18 28 35 42
27: 3 17 20 42 45
28: 1 4 9 12 22 26 38
29: 1 15
30: 5 34 41
31: 8 39 42 50
32: 4 16 25 33 38 48
33: 13 18 20 22 32 37 40 46 49
34: 19 30 36 42
35: 5 12 21 22 26
36: 1 34
37: 7 33 46 48
38: 28 32
39: 12 16 25 31 47 49
40: 2 33
41: 2 6 30
42: 8 26 27 31 34
43: 21 24 44 45
44: 9 23 43
45: 2 27 43
46: 6 15 16 33 37 48
47: 17 39
48: 11 32 37 46
49: 25 33 39
50: 1 31

1: 6 13
2: 5 30 31 39
3: 7 11 33 47
4: 10 30 33 39 47 50
5: 2 12 21 22 46 49
6: 1 17 24 29 34 44
7: 3 11 24 25 42
8: 34
9: 28 39 41
10: 4 30 47
11: 3 7 22 38 41
12: 5 20 43 47
13: 1
14: 16 17 50
15: 33 39
16: 14 37 42 44 50
17: 6 14 20
18: 25 32 47
19: 21 29 34
20: 12 17 23 30 45
21: 5 19 23 26 27 31
22: 5 11 38
23: 20 21 43 50
24: 6 7 40 42 49
25: 7 18 39 46
26: 21 34 35 48
27: 21 44 47 50
28: 9 29 30 33 36 42 44
29: 6 19 28 42
30: 2 4 10 20 28 36
31: 2 21 32
32: 18 31
33: 3 4 15 28
34: 6 8 19 26 36 40
35: 26 37 45 47 48
36: 28 30 34
37: 16 35 44
38: 11 22 49
39: 2 4 9 15 25 48
40: 24 34 45 49
41: 9 11 44 47
42: 7 16 24 28 29 43 47
43: 12 23 42
44: 6 16 27 28 37 41 48
45: 20 35 40
46: 5 25
47: 3 4 10 12 18 27 35 41 42
48: 26 35 39 44
49: 5 24 38 40
50: 4 14 16 23 27

1: 4 7 32 35 40
2: 11
3: 9
4: 1 14 24 27 33 48 49
5: 13
6: 12 18 36 42 48
7: 1 31 37 43 45 50
8: 12 28
9: 3 20 29 38
10: 20 21 37 40
11: 2 34 44
12: 6 8 41 46 50
13: 5 29 41
14: 4 21 26 30 35
15: 40 44 47
16: 26 29 46
17: 19 29 39
18: 6 27 36 39 43 48
19: 17 41 45
20: 9 10 30 50
21: 10 14 23 28 39 50
22: 26
23: 21 28 33 35 36 39
24: 4 35 45
25: 40 49
26: 14 16 22 36
27: 4 18 35 40
28: 8 21 23 29 39
29: 9 13 16 17 28 36
30: 14 20 46
31: 7 33 35
32: 1
33: 4 23 31 42 43
34: 11 35 41 43
35: 1 14 23 24 27 31 34
36: 6 18 23 26 29
37: 7 10 43
38: 9 48
39: 17 18 21 23 28
40: 1 10 15 25 27 48
41: 12 13 19 34
42: 6 33 48
43: 7 18 33 34 37
44: 11 15
45: 7 19 24
46: 12 16 30
47: 15 48 49
48: 4 6 18 38 40 42 47
49: 4 25 47
50: 7 12 20 21

1: 5 22 39 41 49
2: 
3: 18 27 36 39 46
4: 14 24 35 46 47
5: 1 37 43 50
6: 18 31 33 36 38
7: 11 16 19 21 29 32 38 44
8: 21 31
9: 15
10: 18 25 33 37 43
11: 7
12: 27 38 46
13: 17 37 43 49
14: 4
15: 9 27 29 35 41 46
16: 7 25 32 35
17: 13 26 48
18: 3 6 10 24 30 40 41
19: 7 33 39 47
20: 28 41 47 49
21: 7 8
22: 1 33 44 46
23: 38
24: 4 18 30 37 50
25: 10 16 39 45
26: 17 35 37
27: 3 12 15 32 35 39
28: 20 43
29: 7 15 30 34 43
30: 18 24 29
31: 6 8
32: 7 16 27 40
33: 6 10 19 22 41 47
34: 29 35
35: 4 15 16 26 27 34
36: 3 6 44
37: 5 10 13 24 26 48
38: 6 7 12 23
39: 1 3 19 25 27
40: 18 32 49
41: 1 15 18 20 33
42: 
43: 5 10 13 28 29
44: 7 22 36 49
45: 25
46: 3 4 12 15 22 50
47: 4 19 20 33
48: 17 37
49: 1 13 20 40 44
50: 5 24 46

1: 8 10 12 15 18 21 35
2: 38
3: 19 21 32 37 48
4: 22
5: 7
6: 9 21 23 33 40 47
7: 5 16 17 19 46
8: 1 11 12 13 17 22 23 24
9: 6 24 28
10: 1 12 26 40 45
11: 8 22 28
12: 1 8 10 17 22 25 34
13: 8 16 21 34 35
14: 18 20 23 28 36 38 46
15: 1 25
16: 7 13 25 27 30 39
17: 7 8 12 27 34 46 50
18: 1 14 21 26 37 42
19: 3 7 29
20: 14 21 36 41
21: 1 3 6 13 18 20 25 26 50
22: 4 8 11 12 24 36 44 49
23: 6 8 14 38
24: 8 9 22
25: 12 15 16 21 29 30
26: 10 18 21 31 39
27: 16 17 28 40 43 44
28: 9 11 14 27
29: 19 25 46
30: 16 25 38
31: 26
32: 3
33: 6 35
34: 12 13 17 35 38 46
35: 1 13 33 34 45 47
36: 14 20 22
37: 3 18 46
38: 2 14 23 30 34 42
39: 16 26 50
40: 6 10 27 48 49 50
41: 20
42: 18 38
43: 27
44: 22 27
45: 10 35
46: 7 14 17 29 34 37
47: 6 35
48: 3 40
49: 22 40
50: 17 21 39 40

1: 9 14 16 22 38 39 41
2: 12 13 20 39 50
3: 19 26 29 39 42
4: 8 11 21 28 30 41 49
5: 16 28
6: 31 44 45 48 50
7: 16 26 40 48
8: 4 9 24 37 41 43
9: 1 8 50
10: 26 40 42 43
11: 4 21 28
12: 2 41
13: 2 30 46
14: 1 15
15: 14 39 48
16: 1 5 7 25
17: 27 43
18: 20 22 40
19: 3 36 39 48 49
20: 2 18 24 29 43 45
21: 4 11 29 43
22: 1 18 46
23: 47
24: 8 20 30 43 48 50
25: 16 35
26: 3 7 10 30
27: 17 29 44 45
28: 4 5 11 34 40 49
29: 3 20 21 27
30: 4 13 24 26 42 48
31: 6 44
32: 38
33: 34 49
34: 28 33
35: 25 45
36: 19 45
37: 8
38: 1 32 40
39: 1 2 3 15 19 47 50
40: 7 10 18 28 38 50
41: 1 4 8 12
42: 3 10 30 43 47
43: 8 10 17 20 21 24 42 44 49
44: 6 27 31 43
45: 6 20 27 35 36
46: 13 22
47: 23 39 42
48: 6 7 15 19 24 30
49: 4 19 28 33 43
50: 2 6 9 24 39 40

1: 6 43 49
2: 10
3: 10 14 24 25 31 39 42 44
4: 9 18 29
5: 
6: 1 27 29 31 37
7: 13 25
8: 12
9: 4 32
10: 2 3 12 14 27
11: 12
12: 8 10 11 24
13: 7 23 24 30 44
14: 3 10
15: 24 28 40
16: 23 34 37 38 50
17: 31
18: 4 44
19: 20 23 44
20: 19 48 50
21: 22
22: 21 25 39 48
23: 13 16 19 26 36 48 50
24: 3 12 13 15 42
25: 3 7 22 26 34
26: 23 25 36 40 50
27: 6 10 29 30 36 40 41 49 50
28: 15 37 43 45
29: 4 6 27 33 40 44 49
30: 13 27 35 41
31: 3 6 17 36
32: 9
33: 29 38 46
34: 16 25 45
35: 30 38 49
36: 23 26 27 31
37: 6 16 28
38: 16 33 35 40 42
39: 3 22
40: 15 26 27 29 38 46
41: 27 30
42: 3 24 38
43: 1 28
44: 3 13 18 19 29
45: 28 34 50
46: 33 40 49
47: 
48: 20 22 23
49: 1 27 29 35 46
50: 16 20 23 26 27 45

1: 14 30 38
2: 9 14 17 20 22 28 33 34 43 48 49
3: 19
4: 8 42
5: 6 8 30
6: 5 12 16 17 18 23 42
7: 21 36
8: 4 5 9 11 29 37 41
9: 2 8 31 32 35
10: 
11: 8 16 50
12: 6 19 20 23 25 29 32 37
13: 25
14: 1 2 15 16 31 48
15: 14 33 43
16: 6 11 14 21 40 41 45
17: 2 6 32 33 40 42 46
18: 6 26 33 36 40 48
19: 3 12 20
20: 2 12 19
21: 7 16 24 26 35 47 50
22: 2 26
23: 6 12 28 34 35 40
24: 21 26 33 36 39 42
25: 12 13
26: 18 21 22 24 32 43 46
27: 33
28: 2 23 36 43 45
29: 8 12 33
30: 1 5 38
31: 9 14
32: 9 12 17 26 34
33: 2 15 17 18 24 27 29 37
34: 2 23 32 40 44
35: 9 21 23
36: 7 18 24 28 44
37: 8 12 33 42 43
38: 1 30 49
39: 24
40: 16 17 18 23 34
41: 8 16
42: 4 6 17 24 37
43: 2 15 26 28 37 49
44: 34 36 49
45: 16 28
46: 17 26
47: 21
48: 2 14 18
49: 2 38 43 44
50: 11 21

1: 10 41
2: 25 39
3: 5 17 18 26 30 48 49
4: 9 12 26 40
5: 3 22 35 41
6: 12 27 32 38
7: 25 45
8: 15 27 39 41
9: 4 15 21
10: 1 27 30 47
11: 20 21 28 41
12: 4 6 31
13: 33
14: 21 40 42
15: 8 9 26
16: 22 48
17: 3 39
18: 3 23 34 41 42 48
19: 27 28 35
20: 11 27 32 48
21: 9 11 14 22 31 33 44
22: 5 16 21 33 44 46
23: 18
24: 33 34 41
25: 2 7 33 36 39 46
26: 3 4 15 29 35 41
27: 6 8 10 19 20 28 29 37 40 43
28: 11 19 27 34
29: 26 27 36 49
30: 3 10
31: 12 21 38 40 50
32: 6 20 33
33: 13 21 22 24 25 32 34
34: 18 24 28 33 47
35: 5 19 26 45
36: 25 29 41 48
37: 27 48
38: 6 31
39: 2 8 17 25 43 44 47
40: 4 14 27 31 41
41: 1 5 8 11 18 24 26 36 40
42: 14 18 46
43: 27 39 44
44: 21 22 39 43 50
45: 7 35 49
46: 22 25 42 50
47: 10 34 39
48: 3 16 18 20 36 37
49: 3 29 45
50: 31 44 46

1: 17 40 44
2: 5 8 21
3: 9 10 18 22 42 46
4: 8 11 31 32 38 43 48
5: 2 11 15 29 30 38 46
6: 12 23 25 28
7: 18 29 30
8: 2 4 21 37 44
9: 3 29 50
10: 3 31 49 50
11: 4 5 48
12: 6 20 45
13: 24 27 45
14: 16 22 30
15: 5
16: 14 21 23
17: 1 49
18: 3 7 29 31 43
19: 20 29 34 50
20: 12 19 35 47
21: 2 8 16
22: 3 14 30 37 43 46
23: 6 16 43
24: 13 35 36 42 44
25: 6 38 46
26: 27 36
27: 13 26 36
28: 6 30 39 41
29: 5 7 9 18 19 43 49
30: 5 7 14 22 28 46
31: 4 10 18
32: 4 48
33: 48
34: 19 36 50
35: 20 24
36: 24 26 27 34 48 50
37: 8 22 45
38: 4 5 25 47 49
39: 28
40: 1 42 46 48
41: 28 47
42: 3 24 40
43: 4 18 22 23 29 44
44: 1 8 24 43
45: 12 13 37
46: 3 5 22 25 30 40
47: 20 38 41
48: 4 11 32 33 36 40
49: 10 17 29 38
50: 9 10 19 34 36

1: 19
2: 8 10 37 40 42 48
3: 8 33 39
4: 6 22 34 39 45 46 47
5: 25 31 35
6: 4 15 26 45 50
7: 18 33
8: 2 3 17 24 31 41 44 45
9: 27 49
10: 2 14 37
11: 22 31 34 40 47 50
12: 20 24 36 44
13: 20 26
14: 10 23 32 39 42 46 50
15: 6 20 31
16: 46 48
17: 8 20 23 40
18: 7
19: 1 23 38
20: 12 13 15 17 31
21: 23
22: 4 11
23: 14 17 19 21 37 43
24: 8 12 42 46 49
25: 5 30
26: 6 13 46
27: 9 39 45
28: 
29: 44
30: 25
31: 5 8 11 15 20 44
32: 14 47
33: 3 7 36
34: 4 11 42 43
35: 5 38 45 48
36: 12 33 47
37: 2 10 23 38 49
38: 19 35 37 42 49
39: 3 4 14 27
40: 2 11 17
41: 8 44 45
42: 2 14 24 34 38 46
43: 23 34 47 49
44: 8 12 29 31 41
45: 4 6 8 27 35 41
46: 4 14 16 24 26 42 48
47: 4 11 32 36 43
48: 2 16 35 46
49: 9 24 37 38 43
50: 6 11 14

1: 9 18 43
2: 3 6 14 16 21 22 46
3: 2 16 18 24 25 33 46
4: 6 33
5: 27
6: 2 4 11 14 23 24 26 27 38 43 46 49
7: 8 10 21 27
8: 7 18 39 40 43 49
9: 1 23 31 33 42
10: 7
11: 6 20 30 31 35 40 50
12: 34 38 39 42
13: 31 36 37
14: 2 6 47
15: 26 34 36 43 45 49
16: 2 3 25 43 50
17: 19 37 42 46
18: 1 3 8 20 43
19: 17 26 44
20: 11 18 41
21: 2 7 45
22: 2 26 32 35
23: 6 9 24 50
24: 3 6 23 25 40 41
25: 3 16 24 37
26: 6 15 19 22 32 46
27: 5 6 7 46
28: 34 37
29: 30
30: 11 29
31: 9 11 13
32: 22 26
33: 3 4 9
34: 12 15 28 37
35: 11 22 41
36: 13 15
37: 13 17 25 28 34 45
38: 6 12
39: 8 12 44
40: 8 11 24 44 48
41: 20 24 35
42: 9 12 17
43: 1 6 8 15 16 18
44: 19 39 40
45: 15 21 37
46: 2 3 6 17 26 27
47: 14
48: 40
49: 6 8 15
50: 11 16 23

1: 
2: 9 12 23
3: 22 39 45 50
4: 5 21 23 24 28 47
5: 4 19 24 32 45 46
6: 9 22 26 34 35 47 49
7: 40 42
8: 26 36 40 41 45
9: 2 6 12 19
10: 18 26
11: 13 20 23 27 31 33
12: 2 9 18 24 25 30 37 43
13: 11 18 32 33 37
14: 20 29 36 41 44
15: 28
16: 40 48
17: 23 30
18: 10 12 13 24 26 27 29 32
19: 5 9 23 30
20: 11 14 21 31 48
21: 4 20 32 41 46
22: 3 6 23 28 35 49
23: 2 4 11 17 19 22 27 30 40
24: 4 5 12 18 29 32 47
25: 12 28 40
26: 6 8 10 18 41 45 47
27: 11 18 23 48
28: 4 15 22 25 44 48
29: 14 18 24 31 32 47
30: 12 17 19 23 39 45
31: 11 20 29 43 47 50
32: 5 13 18 21 24 29 39
33: 11 13 37 44
34: 6 39
35: 6 22
36: 8 14 48 49
37: 12 13 33
38: 
39: 3 30 32 34
40: 7 8 16 23 25
41: 8 14 21 26
42: 7
43: 12 31
44: 14 28 33
45: 3 5 8 26 30 48
46: 5 21
47: 4 6 24 26 29 31 48 49
48: 16 20 27 28 36 45 47
49: 6 22 36 47
50: 3 31

1: 7 17 30 36 42 47
2: 11 18 36 38 47
3: 6 9 37
4: 35
5: 8 10 27
6: 3 11 16 17 44
7: 1 13 17 27
8: 5 21 23 28 33 34 41
9: 3 14 16
10: 5 13 18 20 34 37 39
11: 2 6 17 24 34 42
12: 25 32 33 38
13: 7 10 19 30 42
14: 9 24 36
15: 37
16: 6 9 31 42
17: 1 6 7 11 27 49
18: 2 10 22 28
19: 13 22 34 45 46
20: 10 26 38
21: 8 31
22: 18 19 42 50
23: 8 25 31 43
24: 11 14 32 43
25: 12 23 44
26: 20 34 39 44
27: 5 7 17 42 44
28: 8 18 34 49
29: 50
30: 1 13 31 33
31: 16 21 23 30 32
32: 12 24 31
33: 8 12 30 37
34: 8 10 11 19 26 28
35: 4
36: 1 2 14 41
37: 3 10 15 33
38: 2 12 20
39: 10 26
40: 43 48
41: 8 36 49
42: 1 11 13 16 22 27
43: 23 24 40 48
44: 6 25 26 27 45
45: 19 44
46: 19 48
47: 1 2
48: 40 43 46 49 50
49: 17 28 41 48
50: 22 29 48

1: 17 33 45
2: 17 42
3: 11 13 31
4: 20 31 35 41 48
5: 9 16 35 43
6: 15 36
7: 15 18 28 32
8: 10 12 28 32 36 38 46
9: 5 45
10: 8 16 36 41
11: 3 15 28 40
12: 8 19 25 48
13: 3 19 20 35 39 47
14: 31
15: 6 7 11 22 39 41 48 49
16: 5 10 19 25 27 28 31
17: 1 2 42 48
18: 7 21 22 31 46 50
19: 12 13 16 25 27 36
20: 4 13
21: 18 29 36 40
22: 15 18 26 45 48 49
23: 24 39 46
24: 23 41 42
25: 12 16 19
26: 22 35 41
27: 16 19 45 49
28: 7 8 11 16
29: 21 33 45 47
30: 49
31: 3 4 14 16 18 42 44
32: 7 8
33: 1 29 37 43 44
34: 37
35: 4 5 13 26
36: 6 8 10 19 21 39
37: 33 34 43
38: 8
39: 13 15 23 36 41
40: 11 21 41 42 43
41: 4 10 15 24 26 39 40 50
42: 2 17 24 31 40
43: 5 33 37 40
44: 31 33
45: 1 9 22 27 29
46: 8 18 23
47: 13 29
48: 4 12 15 17 22
49: 15 22 27 30
50: 18 41

1: 2 5 7 23 35 37
2: 1 10 13 17 34 49
3: 13 38
4: 37
5: 1 25 41
6: 24 36 38 41
7: 1 18 26
8: 14 24 46
9: 22 33 42
10: 2 18 28
11: 16 22 38 42
12: 30 45 47 50
13: 2 3 26 30
14: 8 16 20 34 44 48
15: 
16: 11 14 38
17: 2 18 33 44
18: 7 10 17 21 22 32 41 43
19: 27 50
20: 14 38 45
21: 18 45 46 48
22: 9 11 18 28 35 41
23: 1 28 35
24: 6 8 29 30 37 49 50
25: 5 39 46
26: 7 13 27 36 46
27: 19 26 48
28: 10 22 23 40 46 50
29: 24 32 37 49
30: 12 13 24
31: 45
32: 18 29 35 41
33: 9 17 35
34: 2 14 36
35: 1 22 23 32 33
36: 6 26 34 47
37: 1 4 24 29 42
38: 3 6 11 16 20
39: 25 41 48
40: 28
41: 5 6 18 22 32 39
42: 9 11 37
43: 18
44: 14 17 50
45: 12 20 21 31
46: 8 21 25 26 28
47: 12 36
48: 14 21 27 39
49: 2 24 29
50: 12 19 24 28 44

1: 8 13 20 26 42 45
2: 3 7 30 39 42 47 50
3: 2 18 29 32 34 44 47
4: 21 22
5: 7 10 11 20 26 27 31 47
6: 13 26 30 32 47 48
7: 2 5 27 28 31 42 44 49
8: 1 27 36 37 40
9: 
10: 5 29 47 48 49
11: 5 14 21 37
12: 25 45
13: 1 6 25 26 34 38
14: 11 30 44
15: 19 21
16: 20 33 48
17: 21
18: 3 41 43
19: 15 23 34 41 42 45
20: 1 5 16 28 36 39
21: 4 11 15 17 48
22: 4 42 45
23: 19 33 37 39
24: 
25: 12 13 28 46
26: 1 5 6 13 39 42 49
27: 5 7 8 38 48
28: 7 20 25 37
29: 3 10 47 49
30: 2 6 14 31 39 45
31: 5 7 30 43
32: 3 6 33 39
33: 16 23 32 34 37 41 48
34: 3 13 19 33 44 48
35: 44
36: 8 20 44 48
37: 8 11 23 28 33 44
38: 13 27
39: 2 20 23 26 30 32 49
40: 8
41: 18 19 33
42: 1 2 7 19 22 26
43: 18 31
44: 3 7 14 34 35 36 37 47
45: 1 12 19 22 30 49
46: 25 49
47: 2 3 5 6 10 29 44
48: 6 10 16 21 27 33 34 36
49: 7 10 26 29 39 45 46 50
50: 2 49

1: 48
2: 15 28 29
3: 8 29 31 40 43
4: 15 17 46
5: 6 7 14 40 45
6: 5 26 29 33 43 50
7: 5 13 25 34
8: 3 10 17 27 34 37 40 45 49
9: 10 36
10: 8 9 19 23
11: 19 30 45
12: 15 18 25 33 41
13: 7 16 17 36
14: 5 48
15: 2 4 12 34 41 42
16: 13 24 34 44
17: 4 8 13 21 23 24 31 35
18: 12 30 40 48
19: 10 11 25 46
20: 
21: 17 23 49
22: 26 35 36 40
23: 10 17 21 26 32 38
24: 16 17 37
25: 7 12 19 29 45
26: 6 22 23 30 47 50
27: 8 48
28: 2 37
29: 2 3 6 25 39
30: 11 18 26
31: 3 17 42
32: 23 40 43
33: 6 12
34: 7 8 15 16
35: 17 22 45 47
36: 9 13 22 37 45 48
37: 8 24 28 36
38: 23
39: 29 44
40: 3 5 8 18 22 32 49 50
41: 12 15 43
42: 15 31
43: 3 6 32 41
44: 16 39 47
45: 5 8 11 25 35 36
46: 4 19 49
47: 26 35 44
48: 1 14 18 27 36
49: 8 21 40 46
50: 6 26 40

1: 22 38
2: 6 16 39
3: 10 16 34
4: 35 41
5: 37 48 49
6: 2 17 24
7: 8 13 15 17 18 32 50
8: 7 22 36 37 45
9: 13 16 29 38 50
10: 3 13 38 39 48
11: 23 33 48
12: 14 19 26 29 30 41 48
13: 7 9 10 17
14: 12 19
15: 7 24 42
16: 2 3 9 20 46 49
17: 6 7 13 34 50
18: 7 37 38
19: 12 14 20 25
20: 16 19 21 31 33 36
21: 20
22: 1 8 25 41 43
23: 11 25 26 37 45
24: 6 15 36 42
25: 19 22 23 26 34
26: 12 23 25 30 41 43
27: 
28: 46 49 50
29: 9 12 32
30: 12 26 35 45
31: 20 39 42 45
32: 7 29 47
33: 11 20 44
34: 3 17 25 41
35: 4 30 36
36: 8 20 24 35 41 49
37: 5 8 18 23
38: 1 9 10 18
39: 2 10 31
40: 
41: 4 12 22 26 34 36 45
42: 15 24 31
43: 22 26
44: 33
45: 8 23 30 31 41 49
46: 16 28
47: 32 50
48: 5 10 11 12
49: 5 16 28 36 45
50: 7 9 17 28 47

1: 21 31
2: 11 13 21 23 25 27
3: 6 14 15 17 23 24 36
4: 29 43
5: 11 19 28 32
6: 3 19 30
7: 26 27 47
8: 9 12 46
9: 8 13 21 46
10: 16 30 31 41
11: 2 5 18 42
12: 8 31
13: 2 9 17 29 41
14: 3 24 25 31 35
15: 3 17
16: 10
17: 3 13 15 19 20 37 38 41
18: 11 19 20 22 28 46
19: 5 6 17 18 24 42
20: 17 18 25 33 39 40 47
21: 1 2 9 30 43
22: 18 46 47
23: 2 3 29 37
24: 3 14 19 34 47
25: 2 14 20 26 29 44
26: 7 25 31
27: 2 7 35
28: 5 18 37
29: 4 13 23 25 39 50
30: 6 10 21 36
31: 1 10 12 14 26 35 41
32: 5 36 42 44
33: 20 37 49
34: 24 37
35: 14 27 31 41 46
36: 3 30 32
37: 17 23 28 33 34 44
38: 17 42
39: 20 29 42
40: 20 43 47
41: 10 13 17 31 35 47
42: 11 19 32 38 39
43: 4 21 40 45 47
44: 25 32 37
45: 43
46: 8 9 18 22 35
47: 7 20 22 24 40 41 43
48: 
49: 33
50: 29

1: 5 9 24 36
2: 43 50
3: 17 21 34 38 40
4: 5 10 16 30 33 34
5: 1 4 10 27 44 50
6: 38 45
7: 15 18
8: 13 21 28 38 41
9: 1 10 16
10: 4 5 9 12
11: 15 16 19 22 37 48
12: 10 41 50
13: 8 15 18 19 31 32 36 37
14: 39
15: 7 11 13 20 23 29 40
16: 4 9 11 26 34 36 37 46
17: 3 24
18: 7 13 23 34 39 41
19: 11 13 23 39 49
20: 15 37
21: 3 8 24 33 37 49
22: 11 23
23: 15 18 19 22 25 26
24: 1 17 21 47 48
25: 23 30 31 36
26: 16 23 39
27: 5
28: 8 39
29: 15 33
30: 4 25 34
31: 13 25 36
32: 13
33: 4 21 29 43
34: 3 4 16 18 30 43
35: 
36: 1 13 16 25 31
37: 11 13 16 20 21 45 47
38: 3 6 8
39: 14 18 19 26 28 45
40: 3 15 43
41: 8 12 18
42: 43 48 49
43: 2 33 34 40 42 48
44: 5
45: 6 37 39
46: 16 48
47: 24 37
48: 11 24 42 43 46
49: 19 21 42
50: 2 5 12

1: 4 13 18 25
2: 9 12 20 21 27 41
3: 14 19 46 50
4: 1 5 7 12 13 18 22 27 29 35 41 46
5: 4 13 49
6: 16 27 44
7: 4 36 39 40
8: 30 41 44 49
9: 2 38 39 42
10: 20 23
11: 20 23 30 37
12: 2 4 18 32 39 45
13: 1 4 5 17 22 26
14: 3 15 37
15: 14 27 29 38 39
16: 6 23
17: 13 18 23 36 37 41 47
18: 1 4 12 17 20
19: 3
20: 2 10 11 18 47 49
21: 2 26 39 41 43
22: 4 13 33 47
23: 10 11 16 17 31
24: 28
25: 1 31 32 41
26: 13 21 38
27: 2 4 6 15 42 43
28: 24 35 38 47
29: 4 15 33
30: 8 11 47
31: 23 25 42 50
32: 12 25 33 39
33: 22 29 32
34: 
35: 4 28 39 42 49
36: 7 17 41 45
37: 11 14 17 44
38: 9 15 26 28 39
39: 7 9 12 15 21 32 35 38
40: 7 43 45
41: 2 4 8 17 21 25 36
42: 9 27 31 35 43
43: 21 27 40 42
44: 6 8 37
45: 12 36 40 47
46: 3 4
47: 17 20 22 28 30 45 50
48: 
49: 5 8 20 35
50: 3 31 47

1: 8 13 16 17 27
2: 11 14 32
3: 8 15 34 37 38
4: 12 20 37 42 47
5: 19 29 34 35 42
6: 9 18 20 24 40 43
7: 14 20 27 30 32 45 46 48
8: 1 3 15 22 31 41 42
9: 6 27 34 40 50
10: 31 44
11: 2 17 19 26 31
12: 4 13 14 21 48
13: 1 12 14 19 26 30
14: 2 7 12 13 19 30 31
15: 3 8 44 47
16: 1 30 34 50
17: 1 11 30 50
18: 6 21 26 30 34 46 47
19: 5 11 13 14 27 32 45
20: 4 6 7 47
21: 12 18 32 34 37
22: 8
23: 24 46
24: 6 23 43
25: 29 36 37 38 47 48
26: 11 13 18 31
27: 1 7 9 19
28: 40
29: 5 25 42 48
30: 7 13 14 16 17 18
31: 8 10 11 14 26
32: 2 7 19 21 35 38 40
33: 
34: 3 5 9 16 18 21 46
35: 5 32 50
36: 25 46
37: 3 4 21 25
38: 3 25 32
39: 
40: 6 9 28 32 43 46
41: 8 44
42: 4 5 8 29
43: 6 24 40
44: 10 15 41
45: 7 19
46: 7 18 23 34 36 40 48 50
47: 4 15 18 20 25 50
48: 7 12 25 29 46
49: 
50: 9 16 17 35 46 47

1: 11 13 20 28 32 34
2: 9 32 36 37 38
3: 13 19 32
4: 6
5: 7 18 19 29
6: 4 10 16 27
7: 5 26 41
8: 30 45 48
9: 2 27 38
10: 6 13 31 43
11: 1 24
12: 15 33 47 48
13: 1 3 10 24 29
14: 16
15: 12 29 41
16: 6 14 27
17: 18 39 47 50
18: 5 17 20 24 29
19: 3 5 27
20: 1 18 23 30
21: 31 42 44
22: 40 47
23: 20 25 26 27 50
24: 11 13 18 48
25: 23 39
26: 7 23 29 30 39 45
27: 6 9 16 19 23 37
28: 1 45
29: 5 13 15 18 26 48
30: 8 20 26 38
31: 10 21 40 46
32: 1 2 3 34 48
33: 12 46
34: 1 32 35 37
35: 34 39 43 46
36: 2 47
37: 2 27 34
38: 2 9 30 44
39: 17 25 26 35 47
40: 22 31 47 48
41: 7 15
42: 21
43: 10 35
44: 21 38 48
45: 8 26 28
46: 31 33 35
47: 12 17 22 36 39 40
48: 8 12 24 29 32 40 44 50
49: 
50: 17 23 48

1: 39 43
2: 3 5 9 22 24 26 29 35 36 47
3: 2 23 34 38 44 46
4: 10 15
5: 2 10 34 43
6: 13 18 21 48
7: 27 37 38 43
8: 11 13 16 22 29
9: 2 43 45
10: 4 5 34 43 45 49
11: 8 12 21 22 36 42 43
12: 11 17 25 26 27
13: 6 8 27 47
14: 15 18 21 22 24 34
15: 4 14 20 27 49
16: 8 39 43 47
17: 12 24 33 46
18: 6 14 36 41 44
19: 31 44
20: 15 35
21: 6 11 14 25 29 33
22: 2 8 11 14 24 50
23: 3 27 32 36 37 43 49
24: 2 14 17 22 25 32 35 36 46 47
25: 12 21 24 27 46
26: 2 12 32 38
27: 7 12 13 15 23 25
28: 31
29: 2 8 21 32 35 36 46 47
30: 37
31: 19 28 41 48
32: 23 24 26 29 39
33: 17 21
34: 3 5 10 14 37 43 49
35: 2 20 24 29
36: 2 11 18 23 24 29
37: 7 23 30 34 50
38: 3 7 26 43 49
39: 1 16 32
40: 47
41: 18 31
42: 11
43: 1 5 7 9 10 11 16 23 34 38
44: 3 18 19 50
45: 9 10 46
46: 3 17 24 25 29 45
47: 2 13 16 24 29 40
48: 6 31 50
49: 10 15 23 34 38
50: 22 37 44 48

1: 9 33 45 49
2: 27 32 41 43
3: 6 23 34 36 43 46
4: 5 10 11 27 34 39 46 47
5: 4 7 13 21 31 37
6: 3 21 41 43
7: 5 26 30 39 48
8: 15 28
9: 1 10 20 23
10: 4 9 16 30 40
11: 4 15 40 44
12: 14 20 22 38 42 43 44
13: 5 16 21 30 33
14: 12 17
15: 8 11 31 32 38 40
16: 10 13 41 46
17: 14 44
18: 
19: 42
20: 9 12 40 46 47
21: 5 6 13 23 30 35 44 48
22: 12 50
23: 3 9 21 26 47 49
24: 45
25: 
26: 7 23 37
27: 2 4 30 46 49
28: 8 40 41
29: 41
30: 7 10 13 21 27 32
31: 5 15 37 44 47
32: 2 15 30 36 39
33: 1 13
34: 3 4 39 47
35: 21 46
36: 3 32 38 48
37: 5 26 31
38: 12 15 36 48
39: 4 7 32 34
40: 10 11 15 20 28
41: 2 6 16 28 29
42: 12 19
43: 2 3 6 12 44 45
44: 11 12 17 21 31 43
45: 1 24 43
46: 3 4 16 20 27 35
47: 4 20 23 31 34
48: 7 21 36 38
49: 1 23 27
50: 22

1: 3 4 18
2: 4 6 15 49 50
3: 1 13 15 18
4: 1 2 9 15 17 22 30 34 37 42 46
5: 31 44
6: 2 14 26 42
7: 
8: 24 34 45
9: 4 30 37 44
10: 38 39 48 50
11: 13
12: 16 17
13: 3 11 14 22 33 40
14: 6 13 15 17 30
15: 2 3 4 14 35 39 41
16: 12 17 28 39 49
17: 4 12 14 16 19 29 47
18: 1 3 19 24 31
19: 17 18
20: 30 40 46
21: 23 25 29
22: 4 13 39 43
23: 21 24 39 42 49
24: 8 18 23 29 31
25: 21 48
26: 6 32 40 46 50
27: 29
28: 16 32 47
29: 17 21 24 27 39 43 45 47
30: 4 9 14 20
31: 5 18 24 39
32: 26 28
33: 13 47
34: 4 8 36
35: 15
36: 34
37: 4 9 39 48
38: 10 47
39: 10 15 16 22 23 29 31 37 42 44
40: 13 20 26
41: 15 47
42: 4 6 23 39 43 47
43: 22 29 42 49
44: 5 9 39 49
45: 8 29
46: 4 20 26 48
47: 17 28 29 33 38 41 42
48: 10 25 37 46
49: 2 16 23 43 44
50: 2 10 26

1: 4 14 28 39
2: 29 42
3: 9 17 36 38
4: 1 13 22
5: 36 40
6: 21 41 43 46
7: 15 18 33 39 44
8: 9 30
9: 3 8 38 45
10: 32 35 47
11: 13 19 20 23 29 34
12: 34 41 49
13: 4 11 18 31 44
14: 1 16 49
15: 7 22 27 32 50
16: 14 25 30 46 48
17: 3 28 32 41 43
18: 7 13 22 40 42 45
19: 11 25 31 38 44
20: 11 31 36 43 47
21: 6 28 47
22: 4 15 18 35 38
23: 11 26 42
24: 44 45
25: 16 19 27
26: 23 33
27: 15 25 49
28: 1 17 21 34
29: 2 11 39
30: 8 16 43
31: 13 19 20
32: 10 15 17 34 50
33: 7 26
34: 11 12 28 32
35: 10 22 48 49
36: 3 5 20 39
37: 
38: 3 9 19 22
39: 1 7 29 36 42 46
40: 5 18 43 47
41: 6 12 17 43
42: 2 18 23 39
43: 6 17 20 30 40 41 46
44: 7 13 19 24 45
45: 9 18 24 44
46: 6 16 39 43
47: 10 20 21 40
48: 16 35
49: 12 14 27 35
50: 15 32

1: 5 8 12 34 43
2: 11 16 19 31 36 37 44 49
3: 4 5 19 22 29 32 39 40 48
4: 3 11 16 27 50
5: 1 3 13 29 44
6: 16 34 35
7: 8 29 38 44 47
8: 1 7 20 21 29 43
9: 15
10: 39 40 46
11: 2 4 17 23 24 47
12: 1 14 20 29 41
13: 5 14 16
14: 12 13 31 40 41
15: 9 31 37
16: 2 4 6 13 31 47
17: 11 24 29 32 35 41 47
18: 25 32 35 37 45 46
19: 2 3 24 25 31 36 38 39
20: 8 12 22 27 39 43 45
21: 8 45
22: 3 20 49
23: 11 29 34 36 42
24: 11 17 19 26 30
25: 18 19 33 38 46
26: 24 32 39 40 41
27: 4 20 29 31 33 47
28: 29 39 40
29: 3 5 7 8 12 17 23 27 28 41 43
30: 24 35 43
31: 2 14 15 16 19 27 40
32: 3 17 18 26 39 49
33: 25 27 48
34: 1 6 23 35 39 40
35: 6 17 18 30 34 48
36: 2 19 23 46 47
37: 2 15 18 50
38: 7 19 25
39: 3 10 19 20 26 28 32 34
40: 3 10 14 26 28 31 34
41: 12 14 17 26 29 45 48
42: 23
43: 1 8 20 29 30
44: 2 5 7 46 50
45: 18 20 21 41
46: 10 18 25 36 44
47: 7 11 16 17 27 36
48: 3 33 35 41 49
49: 2 22 32 48
50: 4 37 44

1: 3 6 33 36 43 45
2: 3 24 31
3: 1 2 13 16 17 20 33 35 41 50
4: 18 20 46
5: 7 13 15 22
6: 1 7 15 25 31
7: 5 6 9 17 20 49
8: 19 29
9: 7 12 17 18 25 27 32
10: 19 22 42
11: 48
12: 9 20
13: 3 5 15 19 23 50
14: 26 30 39 49
15: 5 6 13 37
16: 3 46
17: 3 7 9
18: 4 9 23 35 44 45
19: 8 10 13 20 32 48
20: 3 4 7 12 19 26 38 43
21: 22
22: 5 10 21 27 33 39
23: 13 18 29 44 49
24: 2 25 35 47 50
25: 6 9 24 27 34 37 42 45 48
26: 14 20 27 44
27: 9 22 25 26
28: 32 35 48
29: 8 23 30 34 45
30: 14 29 41 42
31: 2 6 38 48 49
32: 9 19 28
33: 1 3 22 34 35 38
34: 25 29 33 42 43 47 50
35: 3 18 24 28 33 44
36: 1 38 44
37: 15 25 39
38: 20 31 33 36 41 42
39: 14 22 37
40: 
41: 3 30 38 43 46
42: 10 25 30 34 38
43: 1 20 34 41 46
44: 18 23 26 35 36
45: 1 18 25 29 50
46: 4 16 41 43
47: 24 34
48: 11 19 25 28 31 49
49: 7 14 23 31 48
50: 3 13 24 34 45

1: 9 20 27 47
2: 11 20 30
3: 8 14
4: 10 29 31 38 46
5: 
6: 9 20 35 37 45
7: 
8: 3 31 35 47
9: 1 6 29
10: 4 16 27 29 31 39 45
11: 2 14
12: 49 50
13: 15 18 32 34 43
14: 3 11 16 26 33 39 46
15: 13 29 36
16: 10 14 17 23 40 41
17: 16 37 42 48
18: 13 39
19: 
20: 1 2 6 21
21: 20 28 32
22: 35 43
23: 16 27
24: 25 34 46 47
25: 24 30 33 35 36 42
26: 14 35
27: 1 10 23 29 30 32
28: 21
29: 4 9 10 15 27 32 38 41
30: 2 25 27 44
31: 4 8 10 34 36
32: 13 21 27 29 47
33: 14 25 49
34: 13 24 31
35: 6 8 22 25 26
36: 15 25 31 41
37: 6 17
38: 4 29
39: 10 14 18
40: 16
41: 16 29 36 47 49
42: 17 25
43: 13 22 44 46
44: 30 43 45
45: 6 10 44
46: 4 14 24 43
47: 1 8 24 32 41
48: 17
49: 12 33 41
50: 12

1: 24 28 44
2: 4 20 28 36
3: 28 30 38
4: 2 43 45
5: 20
6: 13 38 39 47
7: 33 43
8: 21 28 29 46
9: 12 41 42 50
10: 25
11: 12 17 27
12: 9 11 24 44 48 49
13: 6 29 48
14: 22 29 46
15: 
16: 20 21 25 33 45
17: 11 19 24 38
18: 26
19: 17 23 26 30
20: 2 5 16 49
21: 8 16 38 45 47 48
22: 14 41 44
23: 19 26 30
24: 1 12 17 27 34 46
25: 10 16 28 29 34
26: 18 19 23 44
27: 11 24 46
28: 1 2 3 8 25 43 44
29: 8 13 14 25 32 34 35
30: 3 19 23 35
31: 32 39 45
32: 29 31 36 48
33: 7 16 38 40 42
34: 24 25 29 35
35: 29 30 34
36: 2 32 48
37: 41
38: 3 6 17 21 33 41
39: 6 31
40: 33
41: 9 22 37 38
42: 9 33 43 47 49
43: 4 7 28 42
44: 1 12 22 26 28
45: 4 16 21 31
46: 8 14 24 27 47
47: 6 21 42 46
48: 12 13 21 32 36
49: 12 20 42
50: 9

1: 4 14 22 35 46 50
2: 14 26 44
3: 17 30 40
4: 1 10 11 22 27 39 45
5: 24 26 28 36
6: 16 36 39
7: 14 24 49
8: 16
9: 19 32 49
10: 4 12 20
11: 4
12: 10 16 32
13: 16 17 30 45
14: 1 2 7 45 46
15: 19
16: 6 8 12 13 40 50
17: 3 13 39 48
18: 35 40 48
19: 9 15 20 25 47 48
20: 10 19 23 29 47 49
21: 
22: 1 4 26
23: 20 39 47
24: 5 7 35
25: 19 36 39
26: 2 5 22 47
27: 4 31
28: 5 30 35
29: 20 41
30: 3 13 28 32 33
31: 27 36
32: 9 12 30 34 42
33: 30 38 50
34: 32 39 45
35: 1 18 24 28 40 47
36: 5 6 25 31 40
37: 46
38: 33 45
39: 4 6 17 23 25 34 43
40: 3 16 18 35 36
41: 29
42: 32 43 46
43: 39 42 45 47
44: 2
45: 4 13 14 34 38 43
46: 1 14 37 42
47: 19 20 23 26 35 43
48: 17 18 19
49: 7 9 20
50: 1 16 33

1: 6 31 35 36 38
2: 12 14 17 31 50
3: 21 38 39 40
4: 14 34 49
5: 15 27 29 44
6: 1 9 29 33 49
7: 10 37 41 42
8: 18 21 27 28 34
9: 6 15 27 31 36
10: 7 14 30 32
11: 30 37 38 41
12: 2 28 29 37
13: 19
14: 2 4 10 21 24 49
15: 5 9 17 19 22 27 34 39
16: 27 38 49
17: 2 15
18: 8 22 37 39 45
19: 13 15 27
20: 44
21: 3 8 14 27 30
22: 15 18 32 33 37
23: 32
24: 14 31 34
25: 36 38 41 44 49
26: 28 37 42
27: 5 8 9 15 16 19 21 28 37
28: 8 12 26 27 32 50
29: 5 6 12 41
30: 10 11 21 32 33 34 36
31: 1 2 9 24 32 45
32: 10 22 23 28 30 31
33: 6 22 30 39 42
34: 4 8 15 24 30
35: 1 39
36: 1 9 25 30
37: 7 11 12 18 22 26 27 46
38: 1 3 11 16 25
39: 3 15 18 33 35
40: 3 43
41: 7 11 25 29
42: 7 26 33 44 49
43: 40
44: 5 20 25 42 46 47
45: 18 31
46: 37 44 48
47: 44 50
48: 46
49: 4 6 14 16 25 42
50: 2 28 47
