17.881393432617188 18.11981201171875 20.265579223632812
11.920928955078125 17.1661376953125 16.927719116210938
10.967254638671875 15.020370483398438 15.974044799804688
11.920928955078125 15.020370483398438 17.1661376953125
10.967254638671875 16.927719116210938 17.1661376953125
11.682510375976562 15.2587890625 15.020370483398438
11.920928955078125 19.073486328125 17.881393432617188
12.159347534179688 14.781951904296875 17.1661376953125
12.159347534179688 14.781951904296875 15.974044799804688
10.967254638671875 13.828277587890625 15.2587890625
10.967254638671875 13.828277587890625 14.066696166992188
10.967254638671875 16.927719116210938 17.1661376953125
10.967254638671875 13.828277587890625 16.21246337890625
10.967254638671875 14.066696166992188 14.066696166992188
11.920928955078125 14.066696166992188 15.974044799804688
11.920928955078125 16.21246337890625 16.927719116210938
10.967254638671875 14.066696166992188 15.2587890625
10.967254638671875 14.066696166992188 15.020370483398438
11.920928955078125 14.066696166992188 14.781951904296875
10.967254638671875 14.066696166992188 15.974044799804688
10.967254638671875 14.066696166992188 15.2587890625
11.682510375976562 14.066696166992188 16.21246337890625
10.013580322265625 14.066696166992188 16.21246337890625
10.967254638671875 13.828277587890625 15.020370483398438
10.967254638671875 13.828277587890625 15.974044799804688
11.205673217773438 15.020370483398438 14.781951904296875
12.159347534179688 14.066696166992188 14.781951904296875
12.159347534179688 15.974044799804688 15.974044799804688
11.920928955078125 14.30511474609375 14.781951904296875
10.967254638671875 15.2587890625 14.781951904296875
10.967254638671875 14.066696166992188 15.020370483398438
11.920928955078125 16.21246337890625 15.974044799804688
10.967254638671875 15.020370483398438 14.781951904296875
12.159347534179688 15.020370483398438 15.735626220703125
11.205673217773438 15.020370483398438 15.020370483398438
10.967254638671875 14.066696166992188 14.781951904296875
11.205673217773438 14.066696166992188 15.735626220703125
11.205673217773438 15.020370483398438 15.020370483398438
10.967254638671875 13.828277587890625 15.2587890625
10.967254638671875 14.781951904296875 15.2587890625
11.920928955078125 15.974044799804688 15.974044799804688
10.967254638671875 16.927719116210938 17.1661376953125
10.967254638671875 15.735626220703125 17.1661376953125
14.781951904296875 14.066696166992188 13.828277587890625
10.967254638671875 13.113021850585938 14.066696166992188
11.920928955078125 15.974044799804688 17.1661376953125
10.728836059570312 14.066696166992188 15.020370483398438
11.205673217773438 14.781951904296875 15.020370483398438
12.159347534179688 13.828277587890625 15.974044799804688
11.205673217773438 14.066696166992188 15.735626220703125
11.205673217773438 15.020370483398438 14.781951904296875
10.967254638671875 14.30511474609375 14.781951904296875
10.967254638671875 15.2587890625 15.735626220703125
10.967254638671875 15.2587890625 15.735626220703125
10.967254638671875 17.1661376953125 16.927719116210938
10.967254638671875 14.066696166992188 13.828277587890625
10.967254638671875 15.2587890625 15.735626220703125
10.967254638671875 15.2587890625 15.974044799804688
11.920928955078125 15.974044799804688 16.927719116210938
10.967254638671875 14.066696166992188 15.2587890625
10.967254638671875 12.874603271484375 14.066696166992188
10.967254638671875 14.781951904296875 17.1661376953125
11.205673217773438 12.874603271484375 12.874603271484375
10.967254638671875 15.2587890625 14.781951904296875
10.967254638671875 14.066696166992188 15.020370483398438
11.920928955078125 16.21246337890625 17.881393432617188
10.967254638671875 15.020370483398438 15.974044799804688
11.920928955078125 15.2587890625 15.735626220703125
10.967254638671875 14.066696166992188 14.781951904296875
10.967254638671875 15.2587890625 14.781951904296875
10.967254638671875 15.2587890625 15.020370483398438
11.682510375976562 14.066696166992188 14.066696166992188
10.967254638671875 13.828277587890625 15.2587890625
10.967254638671875 14.781951904296875 16.21246337890625
10.967254638671875 13.828277587890625 15.020370483398438
10.967254638671875 13.828277587890625 15.020370483398438
11.920928955078125 15.2587890625 15.020370483398438
11.920928955078125 14.066696166992188 16.21246337890625
10.967254638671875 15.974044799804688 16.927719116210938
11.920928955078125 15.2587890625 14.781951904296875
10.967254638671875 16.21246337890625 15.974044799804688
10.967254638671875 15.020370483398438 14.781951904296875
12.159347534179688 16.21246337890625 16.927719116210938
11.920928955078125 14.066696166992188 15.020370483398438
10.967254638671875 14.066696166992188 15.974044799804688
73.90975952148438 14.066696166992188 14.781951904296875
10.967254638671875 15.2587890625 14.781951904296875
12.159347534179688 16.21246337890625 16.689300537109375
12.159347534179688 16.927719116210938 18.11981201171875
10.967254638671875 13.828277587890625 15.020370483398438
12.159347534179688 16.927719116210938 18.11981201171875
10.967254638671875 14.781951904296875 16.21246337890625
10.967254638671875 14.781951904296875 15.020370483398438
10.967254638671875 14.781951904296875 15.020370483398438
10.967254638671875 16.927719116210938 17.881393432617188
12.159347534179688 15.974044799804688 16.927719116210938
16.21246337890625 13.828277587890625 15.020370483398438
11.205673217773438 13.589859008789062 16.21246337890625
10.967254638671875 14.066696166992188 15.020370483398438
10.967254638671875 15.974044799804688 15.974044799804688