389
204 575
363 552 844
201 628 799 928
572 860 934 950 979
97 104 454 458 481 567
58 265 443 465 503 649 650
366 419 485 578 725 738 897 940
53 99 157 528 579 595 737 811 829
43 104 285 402 428 686 755 811 879 905
140 190 258 338 538 814 838 872 881 912 935
129 230 250 294 466 559 601 727 791 877 906 930
62 106 128 150 403 524 658 717 718 765 935 956 961
41 149 166 241 380 395 506 571 640 759 768 921 938 972
6 8 66 168 207 225 262 266 322 402 507 611 743 820 984
23 40 63 177 296 369 469 539 577 663 688 718 743 843 940 983
114 186 313 348 387 455 583 655 687 696 802 811 836 868 904 910 976
21 55 58 115 179 310 319 360 384 473 502 676 696 719 732 894 917 924
89 92 134 146 149 208 330 394 412 421 448 454 517 641 771 861 865 925 999
31 69 167 312 321 325 374 396 406 411 465 538 561 633 701 744 812 814 859 987
44 45 92 268 293 316 344 347 419 452 457 497 578 641 684 737 773 874 927 962 982
52 110 172 185 276 297 316 442 508 531 533 534 535 607 620 660 670 671 672 684 742 852
96 297 415 431 448 453 534 560 564 583 588 592 705 722 851 890 894 921 959 963 969 971 999
64 71 119 145 165 176 238 244 253 264 266 401 402 471 493 520 620 781 788 825 844 860 899 976
60 126 160 199 214 235 238 284 317 325 326 349 402 484 563 609 700 742 793 813 824 857 944 954 959
38 52 54 98 199 200 275 280 309 328 354 416 418 452 466 498 542 586 702 732 833 865 906 936 965 966
15 23 69 85 93 205 259 298 367 445 483 559 642 688 747 748 749 758 817 836 844 897 909 931 933 941 994
55 87 98 152 154 232 265 300 307 339 341 502 528 533 538 590 677 702 717 733 761 782 783 821 835 902 904 985
75 80 192 223 226 249 288 298 312 364 425 526 565 570 599 642 686 690 710 714 727 740 776 843 938 941 969 971 976
12 54 65 103 110 137 174 219 306 341 353 363 403 437 450 459 476 556 566 577 718 719 727 797 817 821 859 905 936 946
20 72 79 96 115 140 163 330 347 369 392 447 479 480 531 603 639 646 650 664 671 695 704 712 743 806 815 845 858 874 951
65 85 267 287 328 333 357 365 366 386 411 418 471 473 510 515 533 547 564 573 603 656 711 765 820 858 874 876 906 916 942 972
0 22 43 86 127 162 173 230 268 269 317 318 326 333 358 382 383 388 407 448 509 550 560 578 603 645 650 702 707 793 857 890 999
57 74 155 199 254 257 284 314 339 430 436 468 496 504 603 652 659 685 695 722 751 756 785 800 828 833 870 873 885 908 958 961 964 971
13 22 49 73 80 90 106 125 130 187 273 296 298 304 355 433 463 501 591 616 633 680 691 706 735 770 818 823 827 863 865 895 925 937 987
18 53 63 85 93 113 158 233 319 326 330 347 363 367 386 392 464 495 528 574 575 594 684 735 737 743 774 776 798 828 841 852 860 871 875 958
17 68 87 90 95 104 112 162 217 236 277 286 307 376 468 525 529 570 586 589 628 629 639 640 644 653 659 660 686 720 747 771 776 778 799 926 986
58 65 71 137 146 200 204 237 264 276 291 326 330 352 402 405 411 455 496 501 513 591 593 655 661 664 678 700 744 768 789 818 868 876 917 955 972 983
15 75 107 111 124 127 145 147 156 167 181 186 194 200 272 278 292 307 321 325 326 442 462 551 574 581 681 786 788 803 822 824 837 849 865 877 938 953 956
70 78 83 92 102 114 117 122 148 149 152 237 242 268 290 360 386 425 485 518 531 541 592 625 639 643 670 676 689 727 729 770 820 832 842 872 943 963 984 986
2 81 152 159 239 335 352 367 371 385 406 413 427 452 454 455 478 494 521 525 540 569 597 605 608 680 702 714 716 767 779 797 813 814 828 874 878 896 904 938 991
22 32 38 44 81 119 160 179 222 252 255 280 286 315 354 355 361 375 377 393 412 421 427 430 460 469 484 503 548 587 665 675 690 699 726 734 749 774 891 921 953 983
2 28 37 47 48 53 63 113 138 143 154 167 217 274 293 297 303 306 372 382 437 443 465 490 508 528 545 598 633 677 696 715 741 747 762 816 829 886 897 930 952 953 969
2 57 59 112 125 134 151 162 194 199 205 216 220 231 300 354 359 376 381 384 406 428 430 431 444 493 504 515 529 534 557 610 618 672 688 707 713 729 796 815 817 825 865 999
22 62 91 93 161 162 188 209 217 236 261 291 319 335 376 391 394 403 410 414 447 450 479 484 500 501 523 538 549 563 565 596 621 685 716 818 830 836 868 882 941 950 961 967 988
12 32 66 67 139 154 170 188 204 215 233 234 247 267 298 314 382 448 454 459 476 487 608 619 626 632 667 706 707 710 715 726 772 814 836 883 893 895 897 901 920 938 960 965 970 976
43 69 81 92 132 135 153 157 214 310 347 375 381 385 386 394 410 416 442 458 485 523 525 531 546 553 600 639 646 655 667 726 757 782 792 801 802 842 847 868 895 908 909 955 963 982 992
3 19 68 78 90 101 147 166 231 296 325 341 383 385 395 455 476 478 580 590 598 604 611 625 628 665 666 668 682 689 701 713 736 782 815 819 820 836 837 880 908 926 928 931 932 945 972 993
9 23 26 48 58 107 115 129 154 165 173 207 214 257 284 316 381 391 418 429 438 467 469 486 509 510 512 550 598 665 666 694 695 715 738 742 824 829 837 873 885 904 905 910 920 937 972 985 997
15 33 64 73 94 108 142 147 157 176 209 216 271 302 316 341 348 357 441 447 458 471 477 485 488 496 559 563 570 580 592 595 612 622 631 648 670 691 707 723 764 780 798 851 862 882 960 970 985 994
11 33 52 72 82 83 93 125 135 163 183 212 253 261 290 314 317 334 353 360 385 451 473 488 517 535 575 597 601 636 650 656 660 675 690 714 721 723 733 737 740 746 777 798 861 866 877 935 955 973 998
46 81 133 161 183 202 205 208 222 242 245 264 289 290 292 311 361 375 394 400 431 435 482 484 487 492 527 633 653 690 700 703 736 752 770 775 802 820 823 829 852 853 858 859 865 871 905 912 928 969 982 983
4 30 38 59 69 74 78 87 97 101 106 118 125 155 238 274 295 310 311 319 354 362 385 392 413 471 475 479 497 546 560 580 604 605 736 742 752 753 759 781 787 798 800 802 857 870 881 893 899 902 914 953 981
18 25 31 63 80 93 100 102 116 118 141 196 271 275 290 309 320 329 334 347 375 393 406 411 427 465 538 545 602 615 628 639 644 669 686 697 720 728 735 751 754 770 772 790 834 835 839 849 855 893 896 900 922 944
27 32 47 49 50 63 65 70 98 105 154 156 163 176 190 205 207 212 223 251 259 310 324 355 356 427 441 447 491 529 535 571 572 596 655 677 687 692 708 729 762 772 775 805 813 821 850 867 869 883 935 938 973 983 989
23 26 50 109 121 154 159 196 202 283 323 344 363 366 374 377 379 408 443 456 467 476 485 489 497 503 519 522 539 555 557 595 608 623 636 642 648 671 681 684 709 737 738 749 752 762 769 792 796 846 849 890 893 899 983 997
7 10 23 40 42 48 52 92 112 125 141 160 181 184 230 239 242 257 277 320 331 333 338 377 401 410 411 412 473 483 506 535 536 556 566 567 569 590 617 639 642 658 659 664 675 688 802 826 838 845 898 914 915 933 941 944 959
8 11 40 47 54 59 61 70 77 138 146 160 166 197 204 207 225 226 262 282 301 340 348 363 371 388 418 425 429 447 461 466 492 498 500 535 648 678 712 743 769 775 783 795 799 809 818 846 870 873 881 913 916 924 929 952 953 977
3 6 13 18 22 81 85 93 115 117 127 147 178 185 203 207 211 218 225 252 301 313 358 385 392 450 452 463 528 535 537 543 552 562 564 577 586 639 648 649 666 676 699 712 744 755 770 800 864 870 873 891 919 948 967 976 980 984 996
0 1 18 23 32 69 87 121 122 153 169 183 187 210 222 237 250 277 287 296 307 320 326 355 361 381 384 386 397 424 434 452 462 465 561 600 604 613 637 640 641 657 669 717 750 763 820 844 872 874 884 900 905 910 938 941 960 963 993 996
6 30 46 70 80 88 97 103 113 166 175 205 211 221 224 231 237 261 275 294 309 338 357 363 371 385 386 390 423 460 479 506 527 546 552 571 588 605 614 650 673 681 702 705 717 722 782 787 800 809 817 845 870 872 894 899 944 959 960 965 999
26 32 37 66 144 145 149 168 215 217 245 265 266 283 284 288 314 322 328 335 341 354 359 380 386 413 416 422 425 452 496 501 502 559 563 565 582 598 608 611 618 625 628 638 685 699 729 770 778 787 809 813 823 825 831 851 873 877 880 921 923 978
11 31 32 62 69 114 127 141 145 211 237 238 239 249 285 289 296 309 332 333 343 353 364 367 387 401 416 445 478 516 517 541 544 552 610 626 628 666 690 692 699 704 710 713 719 738 740 746 757 799 805 815 817 821 825 838 844 872 875 879 889 894 948
15 59 63 80 94 105 112 125 142 171 186 203 237 256 262 264 300 326 328 329 341 344 347 386 387 391 411 422 433 438 444 446 450 463 494 496 515 540 547 552 575 604 609 653 657 660 661 704 722 728 733 743 783 794 800 826 890 892 911 936 950 964 974 986
7 19 21 27 36 106 114 122 160 192 197 264 269 270 276 286 357 365 385 393 434 435 439 482 490 496 533 538 541 551 558 567 572 587 604 652 656 659 675 699 717 739 760 767 777 800 815 818 823 824 843 849 854 864 869 895 907 912 918 921 924 925 974 986 998
5 6 24 26 38 54 66 73 82 91 98 109 110 111 119 136 141 154 156 160 161 168 180 187 201 203 266 274 292 294 305 327 330 339 352 372 391 423 436 437 453 463 535 582 594 609 642 684 699 716 726 729 756 790 806 816 823 851 863 906 947 948 957 960 961 968
4 7 27 56 58 91 92 116 139 152 156 170 201 204 222 224 240 241 258 263 285 291 341 363 364 371 377 402 411 423 444 447 464 482 520 554 564 567 574 581 593 606 650 661 663 740 754 755 765 823 825 838 864 867 876 878 893 920 921 927 931 952 957 968 978 979 981
10 26 43 82 88 90 92 101 132 135 149 182 196 237 244 256 265 267 327 329 332 351 354 364 375 381 388 395 407 424 431 440 452 494 500 560 577 596 623 630 653 659 668 680 686 688 697 705 706 711 725 742 750 762 763 770 776 792 848 858 865 895 896 910 911 921 944 997
19 23 38 79 84 88 100 148 149 214 225 265 270 272 277 304 310 335 343 351 360 391 400 402 407 418 439 444 447 461 463 479 497 504 508 518 524 528 558 559 567 571 582 589 604 616 625 684 706 726 732 739 758 763 767 772 785 788 794 811 816 818 844 847 896 914 934 935 988
13 14 15 35 38 48 50 84 102 116 118 138 145 158 175 194 196 213 219 224 229 231 267 274 282 285 287 294 296 300 304 338 351 386 387 398 467 468 472 485 486 487 547 558 563 572 588 645 680 684 686 687 692 694 731 732 751 756 767 768 772 780 829 917 924 926 963 975 980 984
1 4 44 48 54 69 82 105 108 117 135 148 158 173 174 178 190 195 198 229 230 234 244 255 269 316 336 350 370 403 415 444 485 510 512 514 544 547 548 560 619 630 645 658 667 668 669 676 679 688 701 713 722 725 751 764 770 814 826 827 835 843 870 894 899 908 926 927 941 955 999
10 15 25 26 27 29 78 125 128 143 162 176 185 186 196 203 211 213 222 261 270 282 297 341 347 357 363 376 403 413 424 439 457 458 465 486 511 526 544 557 567 602 603 605 609 626 638 673 681 708 711 725 735 738 750 753 755 756 805 810 815 816 823 830 832 834 887 949 956 958 963 989
19 40 42 51 53 58 68 69 73 92 93 113 160 164 177 184 219 259 282 300 352 378 393 396 397 399 406 419 439 446 466 469 495 521 527 542 546 566 569 607 608 654 679 688 690 694 699 708 748 749 758 759 772 787 801 805 817 822 840 857 859 861 879 892 894 898 905 917 920 952 954 970 973
6 39 67 78 82 128 142 147 149 187 196 197 201 212 235 246 261 266 280 291 298 313 317 342 379 391 392 404 448 452 465 469 508 510 512 516 563 582 585 587 595 625 629 633 640 641 642 659 666 695 715 740 741 742 744 752 758 775 784 786 817 835 839 849 856 863 879 922 932 942 944 962 974 978
7 15 17 35 38 60 70 86 88 89 105 106 141 144 148 160 176 216 231 264 265 271 295 299 305 308 319 323 340 347 378 391 398 426 430 435 456 460 473 474 527 535 545 575 614 636 643 646 664 675 684 691 704 723 727 730 745 753 757 760 779 792 814 841 861 866 903 904 908 942 956 962 963 985 994
15 21 27 30 47 50 64 66 69 73 74 88 98 103 109 111 119 122 125 171 188 224 226 227 237 244 249 253 258 283 307 310 320 324 325 339 348 394 416 431 453 500 508 514 540 552 564 630 631 632 657 658 659 684 699 712 725 746 756 769 789 827 833 854 858 869 872 876 878 880 912 930 933 941 944 964
15 26 39 83 92 95 112 120 147 148 170 180 184 198 207 213 228 267 270 284 302 304 316 318 330 331 345 352 361 377 383 385 386 392 405 422 440 441 456 475 512 525 533 563 567 587 589 592 620 632 648 655 689 691 692 703 707 711 717 726 766 775 782 793 803 814 858 866 916 926 937 952 957 958 964 968 976
5 7 34 50 54 86 97 105 118 120 121 136 138 147 154 155 156 166 177 190 196 214 218 231 249 270 279 291 306 310 338 345 348 365 413 420 429 430 433 441 473 478 488 511 518 533 544 578 586 600 606 621 647 655 671 700 749 766 771 774 784 786 794 803 819 824 851 859 869 871 874 890 912 918 925 933 964 966
0 2 8 12 18 25 35 37 53 61 83 99 120 123 151 156 165 174 183 186 194 222 236 259 261 265 272 276 278 290 302 309 310 313 316 319 323 347 374 395 428 447 454 470 471 522 550 564 572 585 588 607 615 625 634 635 640 653 654 695 700 707 711 719 724 729 737 763 797 873 876 892 947 950 958 965 973 986 988
8 10 18 59 68 82 83 116 134 137 141 155 171 185 196 198 206 208 209 215 222 236 239 243 265 266 284 285 302 327 388 401 426 428 435 463 464 478 482 489 496 505 514 523 532 535 540 548 550 553 556 563 569 612 632 644 649 657 665 667 673 680 684 698 701 706 709 756 761 774 782 804 816 832 852 854 911 950 962 965
21 38 44 57 65 75 78 93 100 112 134 149 162 163 170 173 221 295 317 340 354 358 360 363 374 382 383 419 443 460 463 468 501 507 514 525 538 541 546 563 575 599 607 614 619 622 630 646 650 672 691 693 714 724 727 728 750 772 779 781 794 799 817 829 842 882 883 892 899 919 936 941 942 945 962 965 968 982 992 994 997
20 27 34 44 46 76 79 85 106 111 133 139 154 164 169 171 172 174 183 211 244 252 271 273 304 313 366 372 376 378 380 390 405 406 420 428 440 442 448 463 473 499 503 518 526 538 565 574 583 640 653 654 690 708 712 735 740 767 772 782 785 797 798 801 812 823 851 860 868 877 878 914 924 927 940 961 969 970 971 978 991 994
1 2 20 21 36 42 49 65 66 70 72 97 101 102 105 121 145 163 194 230 237 259 289 312 325 332 336 348 358 376 387 388 390 404 406 412 420 429 431 445 451 461 469 470 512 514 515 523 546 550 551 552 565 578 585 591 634 646 653 656 683 686 692 697 713 718 733 737 742 775 776 781 815 829 837 865 886 892 933 937 976 987 994
1 23 28 31 35 36 39 89 100 102 106 108 117 135 137 139 159 211 225 234 236 238 286 302 303 330 378 390 391 393 403 411 422 424 446 452 466 470 472 483 490 492 498 502 505 511 520 525 551 554 565 573 591 610 630 632 648 659 661 669 688 698 710 720 752 756 775 806 807 815 819 826 828 835 866 892 894 896 919 920 931 953 964 983
34 71 77 86 87 108 111 128 155 161 170 182 187 188 213 214 218 234 237 239 241 242 265 269 274 288 296 302 303 306 319 340 342 368 373 387 399 413 433 438 469 475 477 490 494 541 547 565 585 586 591 592 600 613 616 634 666 729 731 732 740 745 748 759 768 769 824 831 844 864 900 902 913 915 917 952 956 958 964 965 966 970 972 978 985
12 13 22 28 36 47 48 93 111 130 149 153 155 161 167 177 178 188 196 203 220 235 265 267 283 286 290 292 328 330 335 339 345 355 388 404 414 436 437 462 463 464 479 490 505 507 545 574 584 593 596 604 610 611 616 640 655 659 664 668 671 685 699 717 724 736 756 807 810 813 815 825 827 834 838 846 849 854 870 872 895 904 907 936 940 973
27 52 60 66 67 108 114 122 123 125 132 147 148 158 162 166 177 193 200 202 208 223 230 243 259 265 267 273 279 306 326 347 352 354 361 363 364 389 418 439 451 482 498 511 537 541 542 572 577 584 589 598 613 618 619 622 626 631 655 656 659 667 670 677 680 685 697 702 706 709 731 736 806 817 825 835 851 865 906 919 931 940 953 961 963 966 985
16 42 44 64 69 71 72 85 101 147 154 161 173 174 178 185 188 205 212 218 226 227 259 306 329 343 344 370 380 383 395 408 411 430 432 437 443 444 453 457 460 462 476 506 545 557 559 560 565 566 584 594 602 604 630 632 646 647 654 659 670 671 697 701 715 748 777 779 794 800 802 820 832 833 836 837 840 857 864 866 881 953 966 973 977 979 992 996
0 3 7 14 25 33 42 61 82 84 88 129 152 155 158 165 172 178 188 189 201 227 234 235 238 240 261 268 288 310 334 336 337 346 348 350 376 381 410 450 454 455 487 512 518 519 542 554 564 569 575 579 586 599 603 626 627 634 635 649 668 700 725 728 750 755 756 765 781 798 809 812 816 817 830 831 844 854 864 889 898 905 915 921 925 932 946 962 975
36 40 50 51 53 54 56 97 108 118 136 138 139 147 148 164 178 188 192 212 224 247 271 293 306 311 346 350 361 366 389 417 432 434 438 441 442 447 456 465 475 513 514 515 530 540 558 562 571 575 583 585 613 617 622 631 632 640 648 677 689 692 697 707 724 754 761 763 768 795 809 815 825 876 902 905 908 913 924 927 929 939 944 947 960 961 966 975 992 997
25 44 58 87 88 100 102 128 142 153 171 178 181 190 209 227 231 243 254 256 261 275 288 301 309 314 325 333 335 339 345 347 374 375 392 397 409 414 415 419 420 426 436 437 446 451 452 454 459 467 472 485 496 506 517 518 523 530 578 597 604 634 635 659 664 674 684 692 718 763 766 773 783 786 787 797 807 811 839 868 883 884 886 888 904 921 927 933 955 959 977
2 6 11 24 34 62 66 74 98 99 105 109 113 122 141 147 154 168 192 196 208 225 264 279 288 289 295 307 326 327 328 335 361 374 381 407 414 433 448 454 458 476 489 499 500 508 526 542 561 566 586 597 599 602 603 604 623 647 651 659 665 672 701 709 715 759 772 778 779 785 787 791 805 841 844 853 873 881 898 899 908 926 935 937 942 961 975 980 982 987 994 996
12 26 27 29 31 34 40 63 87 96 110 116 123 129 133 139 151 167 178 181 188 214 238 256 279 283 300 305 308 315 338 359 369 379 393 394 395 400 401 409 425 441 448 449 462 470 476 480 494 509 564 581 599 614 615 621 624 642 649 657 660 661 676 682 691 703 710 736 768 775 791 819 841 859 876 888 890 891 896 902 916 930 934 935 943 949 951 954 955 964 971 974 990
1 33 55 73 82 87 97 122 142 185 190 201 205 212 242 252 256 262 274 310 318 333 335 341 343 348 359 364 371 381 388 402 413 422 429 439 445 459 461 479 486 497 501 510 511 514 526 537 539 544 546 558 575 586 597 602 605 611 612 614 639 653 670 672 681 689 693 707 716 742 745 751 757 762 771 777 780 784 834 835 842 851 854 855 882 892 898 899 911 918 946 947 977 989
4 8 21 39 43 50 59 69 70 73 78 81 92 111 113 123 127 128 145 148 149 194 196 198 202 206 233 245 257 276 278 300 302 311 315 329 341 343 358 381 396 402 403 425 440 457 460 476 480 486 487 510 520 521 545 546 550 566 567 599 615 635 640 647 656 676 681 689 720 751 755 777 784 785 805 806 817 843 858 859 864 872 888 906 920 935 941 945 956 967 973 974 984 985 988
21 25 41 51 65 68 72 94 96 133 135 140 147 151 158 162 172 215 239 259 260 276 280 281 285 291 307 329 331 334 340 359 369 386 388 407 417 422 425 431 452 458 465 479 482 486 500 502 531 543 563 564 594 602 603 610 618 619 629 634 651 652 657 666 671 696 706 723 743 753 766 768 775 781 801 811 812 814 825 837 839 855 856 862 875 892 896 904 908 936 952 958 968 969 988 991
27 28 40 49 55 59 67 68 99 111 114 127 145 149 164 168 197 200 232 234 235 241 262 263 264 270 286 305 316 329 333 348 350 351 357 370 391 404 413 421 430 435 439 448 476 481 484 485 496 507 523 525 526 528 533 557 561 578 579 580 607 611 632 653 654 666 677 678 693 698 709 714 739 741 758 779 782 802 809 818 821 823 830 832 846 852 856 885 900 928 947 958 964 977 983 986 997
12 25 50 53 56 65 66 72 78 98 109 111 145 158 172 181 202 206 213 214 252 253 260 262 265 278 291 301 302 309 320 326 345 359 365 370 371 374 375 380 400 404 414 423 424 443 446 447 453 475 502 524 525 564 589 598 609 612 617 619 635 653 663 673 674 677 678 679 707 709 712 723 742 750 765 786 790 794 799 803 809 819 824 830 857 883 904 908 913 914 917 927 939 947 952 955 984 998
23 31 47 54 58 65 73 82 92 108 122 127 139 150 155 157 164 183 187 195 200 202 204 207 216 224 232 233 235 236 249 250 274 275 308 320 337 339 342 356 366 375 385 407 412 416 436 437 439 462 481 485 486 489 505 511 522 532 546 559 573 580 584 587 588 606 654 694 710 715 738 744 746 772 774 791 792 794 797 800 815 819 834 836 838 844 853 854 861 862 890 912 925 935 947 957 962 990 991
3 27 32 44 51 60 61 80 81 92 107 117 126 136 139 141 165 173 197 215 230 234 243 244 248 251 265 283 293 296 297 299 315 317 328 331 338 341 351 354 356 363 365 369 370 377 381 420 429 434 455 475 486 488 508 511 512 523 524 525 579 581 593 601 631 632 637 638 639 644 646 652 658 660 663 664 677 683 692 701 740 750 752 768 784 816 827 843 844 864 881 883 910 921 951 953 954 962 976 996
