(149042, 135542, 115834)
(137750, 127417, 105792)
(144416, 128042, 110792)
(157375, 134625, 119791)
(140125, 128459, 107125)
(136625, 126833, 105416)
(167708, 142000, 132417)
(162500, 139833, 118708)
(160167, 139792, 121666)
(175167, 149083, 135541)
(169958, 146834, 130708)
(165000, 143875, 125916)
(164875, 144625, 126125)
(187042, 156417, 142709)
(204917, 169792, 154458)
(165875, 146083, 126500)
(180375, 155542, 137000)
(190459, 161667, 145042)
(215458, 175584, 162541)
(199250, 167791, 150584)
(181875, 158000, 138583)
(172041, 153500, 131167)
(205750, 171916, 155834)
(193542, 167667, 148084)
(217292, 179791, 164625)
(234625, 188584, 182041)
(220208, 182208, 165792)
(223958, 184875, 168208)
(248541, 197000, 185375)
(232417, 190458, 175667)
(244542, 198666, 183666)
(241417, 197458, 181167)
(232333, 191125, 173917)
(226209, 189916, 171917)
(247250, 200000, 185125)
(247208, 202791, 185917)
(265333, 212084, 198959)
(277125, 218375, 207666)
(240625, 199750, 182166)
(281084, 222541, 209958)
(256875, 211125, 191666)
(265292, 215792, 198875)
(280542, 223459, 212083)
(288750, 228459, 216417)
(296292, 233583, 221541)
(277833, 226583, 208041)
(324875, 249000, 240833)
(296375, 236083, 221291)
(294750, 234042, 222292)
(298250, 237542, 225125)
(337459, 260833, 251792)
(328291, 255750, 247459)
(296917, 238292, 224167)
(298167, 241875, 224833)
(306083, 245791, 229292)
(363042, 274458, 270084)
(342542, 265167, 256917)
(350167, 270042, 262250)
(338000, 263667, 253166)
(308334, 250125, 231625)
(347500, 272083, 257459)
(322791, 258000, 244375)
(374833, 283000, 277000)
(379625, 289375, 282917)
(378375, 289208, 281750)
(367667, 284500, 274417)
(379292, 290542, 283750)
(398125, 301167, 295417)
(413083, 309542, 306041)
(397042, 302125, 298166)
(402666, 306500, 300375)
(347583, 278375, 259500)
(418583, 317375, 312125)
(391750, 302792, 291417)
(391875, 304750, 291917)
(401458, 307041, 296250)
(433208, 325917, 321375)
(430541, 325209, 322834)
(454459, 338000, 338208)
(468791, 346250, 347167)
(480209, 353459, 355375)
(495708, 360209, 364459)
(451375, 337667, 335208)
(468917, 348083, 347625)
(457875, 344125, 339375)
(494417, 364500, 367292)
(433500, 332625, 322000)
(486209, 361875, 360750)
(493708, 365583, 367667)
(474750, 357209, 353458)
(498667, 370833, 371708)
(473584, 356625, 350708)
(514583, 379542, 380958)
(456250, 352292, 340375)
(485750, 364250, 363208)
(530833, 386125, 393958)
(541375, 396750, 400333)
(487375, 368750, 362750)
(539708, 395750, 399291)
(531125, 393167, 395542)
(521833, 389667, 389875)
(550750, 407458, 405250)
(527666, 395167, 393583)
(553334, 405625, 410416)
(609042, 436375, 450500)
(547833, 404291, 405834)
(564458, 417125, 425625)
(559917, 408875, 414834)
(582125, 423333, 429916)
(585208, 427375, 437500)
(547667, 429917, 415292)
(645542, 463708, 475083)
(594500, 435542, 440042)
(617875, 443708, 452958)
(608958, 445000, 449167)
(629125, 455917, 465917)
(597125, 438083, 440583)
(640084, 461375, 473042)
(631375, 454708, 458292)
(664584, 476292, 494625)
(682041, 480875, 499667)
(674083, 481875, 494792)
(615250, 449959, 456125)
(594916, 441000, 440666)
(643416, 470083, 475500)
(674542, 481750, 496292)
(675250, 487750, 497125)
(645500, 471000, 476583)
(720916, 510292, 532458)
(702125, 501250, 520750)
(694167, 497708, 512333)
(705750, 505958, 519209)
(696083, 501458, 513125)
(773625, 539000, 567958)
(768833, 538167, 562500)
(780167, 545417, 575000)
(759042, 537417, 557209)
(741708, 528000, 548541)
(751834, 531875, 552833)
(776292, 544958, 569708)
(821709, 568625, 606333)
(781959, 551167, 575166)
(789500, 554083, 578958)
(779167, 549667, 579167)
(760125, 540750, 561917)
(850584, 588833, 626708)
(806334, 566625, 592292)
(782917, 556959, 576084)
(831458, 579000, 611583)
(852291, 593084, 627334)
(894458, 613333, 655625)
(843375, 590833, 622417)
(804125, 571625, 592667)
(830666, 583750, 610958)
(875458, 609375, 641916)
(874416, 609500, 642917)
(945333, 657000, 689708)
(912667, 626709, 667542)
(955042, 650334, 692708)
(893666, 624500, 655625)
(943084, 649209, 690666)
(855000, 607584, 629459)
(962458, 671083, 704291)
(1000042, 684208, 727708)
(962000, 659333, 704875)
(1032209, 699208, 755834)
(903458, 631875, 663167)
(931500, 652750, 682166)
(992791, 678291, 725667)
(938542, 654125, 684000)
(966500, 668292, 706541)
(945208, 656792, 688750)
(985292, 678209, 718000)
(981375, 677458, 718375)
(1004417, 706542, 736500)
(1025250, 703292, 750083)
(1015709, 703625, 747416)
(1107750, 747167, 811875)
(995916, 697417, 726625)
(993833, 692000, 728083)
(1072625, 734458, 783458)
(1041417, 729416, 760750)
(1115167, 766000, 804958)
(1060291, 731375, 773625)
(1116084, 758083, 807458)
(1089708, 750291, 789584)
(1055792, 732208, 763750)
(1166291, 787792, 846791)
(1131750, 773750, 848291)
(1080417, 744416, 773042)
(1101334, 758667, 796542)
(1074375, 745459, 780333)
(1149709, 787500, 843083)
(1165667, 796666, 842000)
(1121750, 771458, 806583)
(1248292, 841500, 901542)
(1205958, 825167, 869917)
(1258500, 848125, 908334)
(1208167, 823958, 868708)
(1181000, 813250, 851916)
(1201833, 826083, 868208)
(1269000, 859834, 913083)
(1263250, 856667, 913000)
(1229583, 844417, 882583)
(1290000, 877542, 926708)
(1254500, 858083, 899375)
(1271250, 865834, 911125)
(1224625, 845667, 873416)
(1254750, 868417, 898625)
(1349792, 906625, 961916)
(1245209, 858583, 884334)
(1371375, 925125, 975167)
(1368833, 929833, 973250)
(1289708, 886459, 915833)
(1352584, 919458, 962833)
(1377917, 930625, 978333)
(1424458, 960667, 1008458)
(1394292, 945083, 988666)
(1357250, 928333, 957292)
(1386291, 943042, 969125)
(1468875, 986375, 1038792)
(1469167, 985334, 1038541)
(1380708, 943916, 976958)
(1400208, 967416, 989875)
(1433666, 974417, 1014250)
(1439834, 979875, 1014792)
(1476666, 997166, 1039250)
(1530458, 1025792, 1074583)
(1561458, 1044750, 1103208)
(1609333, 1072667, 1131959)
(1549458, 1040375, 1095084)
(1624459, 1081125, 1142708)
(1553708, 1054000, 1100959)
(1479709, 1013125, 1028667)
(1594000, 1068083, 1110584)
(1596000, 1077917, 1113833)
(1596292, 1086667, 1114333)
(1571125, 1065000, 1089209)
(1547750, 1083916, 1121875)
(1538666, 1051500, 1071000)
(1559333, 1066917, 1079791)
(1633542, 1100125, 1202958)
(1634708, 1102125, 1129750)
(1627166, 1104208, 1146375)
(1611917, 1098375, 1148875)
(1608542, 1122416, 1104209)
(1598583, 1099541, 1108125)
(1705250, 1158459, 1218000)
(1704792, 1158500, 1174416)
(1708916, 1160333, 1185417)
(1699375, 1155459, 1190750)
(1738375, 1180417, 1192792)
(1836667, 1232625, 1279083)
(1920792, 1261250, 1304708)
(1749167, 1187791, 1213916)
(1812875, 1231375, 1233625)
(1793208, 1215917, 1239167)
(1769583, 1194084, 1208125)
(1791709, 1217875, 1223292)
(1890583, 1270208, 1300084)
(1823000, 1233834, 1241750)
(1955083, 1294209, 1332000)
(1933459, 1292459, 1317458)
(1903625, 1290334, 1299667)
(1864750, 1264291, 1269500)
(1939541, 1296833, 1316916)
(1854875, 1262209, 1257334)
(1856584, 1273042, 1270500)
(1879667, 1283666, 1268750)
(2074125, 1372375, 1406208)
(1984291, 1335458, 1347625)
(1869083, 1282708, 1278209)
(2044709, 1374042, 1367709)
(1985083, 1333333, 1336917)
(1997333, 1357792, 1342834)
(2107750, 1416667, 1431500)
(2125750, 1424750, 1435125)
(2105709, 1408459, 1423291)
(2036250, 1380083, 1368042)
(2078583, 1405167, 1402667)
(2237500, 1491417, 1503208)
(2213875, 1467959, 1502292)
(2088500, 1425750, 1394041)
(2192167, 1484209, 1469834)
(2107167, 1433750, 1404458)
(2143417, 1431958, 1430792)
(2149542, 1463083, 1447750)
(2238125, 1505042, 1508959)
(2211459, 1492666, 1475250)
(2138416, 1436375, 1428417)
(2134875, 1462083, 1418000)
(2263958, 1535417, 1509542)
(2192084, 1488084, 1461625)
(2268000, 1517125, 1508500)
(2140542, 1468084, 1421667)
(2356167, 1590208, 1593916)
(2287084, 1532167, 1507125)
(2473041, 1623583, 1648584)
(2206917, 1512333, 1461916)
(2393000, 1608416, 1593042)
(2259750, 1547084, 1499666)
(2416875, 1616708, 1590375)
(2327708, 1580833, 1540250)
(2266500, 1561709, 1507083)
(2448292, 1651417, 1615375)
(2384125, 1601667, 1571417)
(2557958, 1707708, 1688416)
(2421792, 1651583, 1597000)
(2384833, 1635250, 1573042)
(2321750, 1565708, 1529875)
(2451583, 1663375, 1632167)
(2684000, 1795875, 1778708)
(2512667, 1707166, 1658917)
(2439958, 1648708, 1586834)
(2467542, 1685833, 1624291)
(2464209, 1691292, 1622625)
(2670208, 1792791, 1735000)
(2579500, 1731416, 1680583)
(2493375, 1698541, 1637459)
(2502792, 1711750, 1635375)
(2681417, 1808666, 1750833)
(2717250, 1805791, 1767458)
(2580500, 1748834, 1682750)
(2510792, 1733417, 1642500)
(2677459, 1809250, 1767000)
(2831625, 1879083, 1839000)
(2686750, 1825291, 1741792)
(2655666, 1819167, 1735208)
(2740375, 1906500, 1785916)
(2727292, 1837541, 1764583)
(2834166, 1904417, 1851709)
(2742000, 1867542, 1788458)
(2765542, 1874750, 1780750)
(2852750, 1906542, 1838875)
(2818208, 1912292, 1813000)
(2895416, 1959208, 1912875)
(2943833, 1971958, 1902416)
(2916500, 1960959, 1881083)
(2910417, 1967250, 1880500)
(2879833, 1959500, 1883083)
(2996375, 2029208, 1938417)
(3037209, 2011125, 1954750)
(2731791, 1890500, 1750042)
(2932666, 2003542, 1901792)
(2999833, 2013750, 1926208)
(2972833, 1989917, 1897834)
(2982083, 2013875, 1906292)
(3234917, 2163417, 2088500)
(3145833, 2110417, 2016167)
(3065333, 2048250, 1958458)
(2960291, 2032583, 1887875)
(3042167, 2074041, 1964375)
(2986000, 2028417, 1899291)
(3134500, 2097375, 2003917)
(3123750, 2113833, 1993084)
(3172583, 2149208, 2048542)
(2928541, 2019292, 1873583)
(3268667, 2201000, 2090667)
(3218000, 2175417, 2060375)
(3216209, 2186541, 2059333)
(3207958, 2173959, 2039958)
(3335750, 2217958, 2120458)
(3339875, 2251666, 2114250)
(3328333, 2257333, 2131917)
(3193000, 2181791, 2015375)
(3367708, 2238666, 2132792)
(3399125, 2277709, 2153625)
(3167875, 2187375, 2008709)
(3164042, 2169917, 2001459)
(3440291, 2289125, 2173333)
(3408333, 2310625, 2160417)
(3387042, 2301000, 2175875)
(3492667, 2348375, 2209292)
(3425792, 2290250, 2168125)
(3606333, 2416000, 2285583)
(3479333, 2365583, 2231166)
(3385167, 2302042, 2134833)
(3429583, 2304166, 2153959)
(3630333, 2453958, 2274375)
(3382125, 2333000, 2137917)
(3633042, 2455250, 2276208)
(3640333, 2425375, 2276125)
(3433791, 2355500, 2145375)
(3417958, 2355292, 2162542)
(3469375, 2378375, 2162834)
(3660541, 2443042, 2291333)
(3676000, 2518167, 2293416)
(3673209, 2508916, 2334791)
(3720666, 2516583, 2334000)
(3783792, 2511250, 2381916)
(3696750, 2503958, 2308708)
(3795375, 2580875, 2384459)
(3619833, 2455125, 2245875)
(3734458, 2508458, 2343084)
(3743250, 2542167, 2339042)
(3845583, 2630500, 2417625)
(3743875, 2552750, 2322250)
(3900458, 2631625, 2463750)
(3904042, 2634083, 2429792)
(3658584, 2524625, 2288542)
(3888916, 2634917, 2407875)
(3952333, 2639375, 2442834)
(3902083, 2652667, 2419125)
(4016458, 2736667, 2523583)
(3583791, 2489000, 2236625)
(4077250, 2715792, 2546834)
(4083000, 2831208, 2480167)
(4001916, 2712208, 2474125)
(3984834, 2699000, 2477750)
(3931875, 2681708, 2461167)
(3831583, 2626125, 2384959)
(4067875, 2749833, 2506500)
(4018584, 2730375, 2479833)
(4269667, 2869750, 2632583)
(4165041, 2817708, 2569208)
(4183167, 2823875, 2585750)
(4362708, 2928750, 2689584)
(4221083, 2844416, 2614167)
(4066541, 2759625, 2518917)
(4243083, 2857000, 2642292)
(4098666, 2800875, 2535875)
(4312792, 2911833, 2660958)
(4337917, 2937333, 2680333)
(4175541, 2884542, 2599625)
(4320792, 2927834, 2668584)
(4410500, 2969833, 2703167)
(4366834, 2958292, 2702000)
(4308875, 2930500, 2638791)
(4395041, 2950542, 2672334)
(4281583, 2915875, 2614125)
(4427709, 2999208, 2722917)
(4470083, 3016583, 2746500)
(4413875, 2993333, 2724666)
(4695375, 3159208, 2863750)
(4475833, 3034041, 2731500)
(4542791, 3079958, 2782375)
(4646083, 3106125, 2824875)
(4633959, 3188334, 2857750)
(4295833, 2942042, 2628417)
(4466208, 3035167, 2728084)
(4493875, 3053958, 2749042)
(4857166, 3248959, 3067250)
(4699917, 3178792, 2848500)
(4691792, 3184333, 2865458)
(4604250, 3129417, 2798208)
(4308292, 2949333, 2582125)
(4859833, 3344000, 2955709)
(4697666, 3205083, 2841458)
(4773125, 3214833, 2909875)
(4812333, 3260875, 2924458)
(4866500, 3289375, 2959083)
(4642041, 3162500, 2781459)
(4678584, 3188334, 2842250)
(4908167, 3321959, 2986375)
(4537500, 3102875, 2772708)
(5062125, 3478958, 3084958)
(5102084, 3431792, 3127375)
(5225666, 3498250, 3198417)
(4989125, 3367666, 3014542)
(5106542, 3437625, 3096208)
(4959167, 3354750, 2976667)
(4918583, 3346833, 2964875)
(4761959, 3255792, 2883334)
(4797375, 3277042, 2983625)
(4701292, 3229417, 2841708)
(5341292, 3584167, 3229000)
(5185875, 3513583, 3124958)
(5104916, 3448042, 3091042)
(5069500, 3435583, 3041416)
(5299125, 3579875, 3195917)
(5189291, 3507208, 3137125)
(5093333, 3459917, 3090167)
(5451667, 3544583, 3126166)
(5530833, 3499375, 3114208)
(4939750, 3376625, 2969459)
(5392083, 3652417, 3244584)
(5404875, 3595917, 3175959)
(5736834, 3855000, 3440541)
(5474584, 3726750, 3259125)
(5441833, 3662500, 3310541)
(5462917, 3716708, 3288667)
(5264750, 3599458, 3159792)
(5559709, 3750416, 3364000)
(5505416, 3724542, 3302833)
(5441042, 3631125, 3184750)
(5592334, 3775542, 3345292)
(5233791, 3598709, 3122834)
(5688333, 3783000, 3375250)
(5497875, 3712333, 3281375)
(5712750, 3838375, 3408250)
(5699084, 3856125, 3402458)
(5684875, 3844708, 3399209)
(5606334, 3801375, 3331000)
(5662917, 3839834, 3386375)
(5609375, 3799042, 3360250)
(5650250, 3829250, 3376500)
(5780584, 3917500, 3450666)
(5944458, 4009625, 3546875)
(5901459, 3982708, 3519000)
(6002083, 4062958, 3588208)
(5643833, 3871542, 3368708)
(5614917, 3817250, 3356333)
(6027583, 4061959, 3590458)
(5657250, 3865917, 3359334)
(5915416, 4009167, 3511792)
(5759500, 3916791, 3411042)
(5959958, 4008042, 3523625)
(5630125, 3868709, 3349875)
(6112125, 4123917, 3649041)
(6053708, 4146792, 3625083)
(5846542, 3985666, 3467959)
(6254459, 4221000, 3723750)
(6036583, 4090500, 3573792)
(6277292, 4243125, 3722208)
(6186291, 4186583, 3689583)
(6035708, 4098417, 3594000)
(6278250, 4239667, 3699458)
(6096875, 4127709, 3616459)
(6141958, 4173833, 3616625)
(6178125, 4188250, 3633333)
(6089333, 4116541, 3584791)
(6320625, 4297042, 3729000)
(6262250, 4261625, 3693083)
(6177541, 4208250, 3633292)
(6282583, 4274500, 3708000)
(6402417, 4343750, 3776083)
(6520709, 4421750, 3873250)
(6294417, 4293083, 3723750)
(6454750, 4350792, 3815917)
(6386000, 4364708, 3774459)
(6328958, 4315583, 3697834)
(6315292, 4318917, 3716542)
(6396750, 4328000, 3775708)
(6641500, 4481208, 3919958)
(6782750, 4569833, 3974875)
(6828708, 4591250, 4022375)
(6300875, 4286875, 3727833)
(6387167, 4342750, 3764625)
(6705875, 4557333, 3945417)
(6597500, 4474291, 3917167)
(6732375, 4574875, 3968333)
(6527292, 4434542, 3843208)
(6567208, 4461250, 3851791)
(6799708, 4574500, 3948417)
(6342291, 4342375, 3691917)
(6979542, 4717083, 4076375)
(6659500, 4535500, 3903583)
(6985875, 4705583, 4096166)
(6819750, 4612041, 3989542)
(6835125, 4641750, 3974791)
(6909333, 4691458, 4055625)
(6855625, 4631583, 4033375)
(6691125, 4566542, 3924708)
(6642833, 4539750, 3912709)
(6779416, 4602667, 3971625)
(6919458, 4688834, 4049791)
(6827000, 4618875, 3954708)
(7005125, 4793625, 4102625)
(7040750, 4765875, 4123041)
(7360333, 4958834, 4267292)
(7434500, 5018500, 4319041)
(7110958, 4826666, 4147125)
(7355709, 4962541, 4316083)
(7463458, 5024292, 4368875)
(6793708, 4657250, 3963875)
(7091375, 4820750, 4135417)
(7496291, 5049375, 4396292)
(7422375, 5000500, 4329084)
(7469334, 5053541, 4337125)
(7169792, 4866959, 4148750)
(7420917, 5009791, 4334958)
(7371333, 5002417, 4279125)
(7154208, 4874958, 4160708)
(7652791, 5197708, 4453417)
(7392542, 5025791, 4278292)
(7618209, 5183750, 4411292)
(7478000, 5318500, 4266834)
(7551000, 5104625, 4406958)
(7667583, 5191042, 4473416)
(7528416, 5092833, 4374333)
(7551458, 5136833, 4377667)
(7717500, 5223041, 4481291)
(7611833, 5138416, 4380417)
(8906792, 5155958, 4430500)
(7526041, 5101459, 4361125)
(7422875, 5064041, 4268834)
(7618583, 5173333, 4393375)
(8064709, 5489084, 4651125)
(7888667, 5321417, 4604000)
(7643084, 5186334, 4449125)
(8047250, 5473208, 4685750)
(7831083, 5317250, 4578458)
(7874625, 5321208, 4530792)
(7960292, 5338709, 4555917)
(8053917, 5434041, 4656375)
(8051125, 5453458, 4631291)
(8022334, 5429167, 4615667)
(8163458, 5517250, 4715041)
(7974000, 5466750, 4604416)
(8160959, 5532583, 4707500)
(8208458, 5555166, 4734333)
(8453375, 5631584, 4847583)
(8012500, 5448041, 4620917)
(8208958, 5560417, 4760708)
(8349750, 5665667, 4797083)
(7890834, 5378292, 4546542)
(8331959, 5611000, 4824292)
(8429833, 5683750, 4859125)
(8216625, 5549834, 4720667)
(8433792, 5722042, 4856875)
(8280500, 5612833, 4730625)
(8167333, 5658792, 4682583)
(8070958, 5493917, 4654792)
(8665792, 5865417, 4971791)
(8628542, 5809875, 4998083)
(8370875, 5736792, 4931000)
(8456375, 5761958, 4822958)
(8474666, 5746750, 4846792)
(8482750, 5757291, 4834708)
(8652458, 5873083, 4956042)
(8929958, 6010084, 5121917)
(8893584, 6055708, 5085791)
(8694250, 5877541, 4961917)
(8501000, 5772167, 4854625)
(8666208, 5865834, 4991708)
(9070542, 6106167, 5222708)
(8476000, 5764417, 4824167)
(9011834, 6093208, 5154833)
(8502125, 5788417, 4857541)
(8699958, 5912084, 4974417)
(8940833, 6034833, 5113625)
(9063250, 6137042, 5161875)
(8677625, 5917042, 4939625)
(8765958, 5958917, 4994166)
(9144083, 6188500, 5237000)
(9330333, 6133333, 5225125)
(8974250, 6096542, 5157334)
(9216041, 6227709, 5320000)
(8776500, 25803750, 5922959)
(14108042, 6301334, 5271000)
(9295958, 6302042, 5331375)
(9514167, 6412292, 5437083)
(8689083, 5942500, 4954667)
(9602542, 6492666, 5445084)
(9239166, 6261625, 5257416)
(9158625, 6222500, 5216541)
(9292958, 6287916, 5281583)
(9395084, 6366791, 5347083)
(9525791, 6449625, 5408792)
(9344375, 6336583, 5335750)
(9335209, 6368792, 5356583)
(9463125, 6405875, 5382000)
(9468083, 6404041, 5396666)
(9353833, 6348333, 5314584)
(9299958, 6305375, 5308042)
(9177000, 6245500, 5214458)
(9637375, 6539833, 5486625)
(9331459, 6341000, 5287292)
(9735125, 6588083, 5552250)
(9494834, 6480334, 5399709)
(9641500, 6515417, 5476708)
(9557042, 6486542, 5467166)
(9364416, 6370417, 5313000)
(9886541, 6714667, 5623833)
(9875750, 6679542, 5602459)
(9869834, 6696041, 5606333)
(9608458, 6503459, 5454291)
(10154667, 6848458, 5792167)
(9972959, 6719375, 5689458)
(9917625, 6738250, 5643542)
(9822375, 6756416, 5577042)
(10280959, 6958583, 5843500)
(10058958, 6795917, 5730291)
(10251167, 6933833, 5803083)
(9921000, 6739458, 5633792)
(10058333, 6819875, 5714333)
(10198750, 6888000, 5752959)
(10006208, 6771333, 5673875)
(9849459, 6697916, 5595042)
(10166333, 6935458, 5766875)
(10298750, 6991416, 5803000)
(10400042, 7062333, 5981417)
(10404542, 7037750, 5874458)
(10130625, 6903917, 5732792)
(10278708, 6979208, 5819292)
(10781250, 7258375, 6109334)
(10442375, 7126833, 5902208)
(10418083, 7084000, 5840791)
(10795459, 7276208, 6114917)
(10337833, 7011125, 5873833)
(10422084, 7038959, 5905041)
(10777166, 7269125, 6122459)
(10686708, 7244666, 6073208)
(10892792, 7347042, 6158667)
(10550667, 7131709, 5963667)
(10530041, 7139875, 5953250)
(10718750, 7253958, 6038041)
(10802125, 7319750, 6152542)
(11023000, 7445166, 6231375)
(10657750, 7218916, 6007000)
(10849250, 7349709, 6125625)
(11243333, 7575875, 6386000)
(10659875, 7225333, 5997125)
(10742458, 7307458, 6157250)
(10742083, 7287584, 6044417)
(11037625, 7490917, 6182708)
(11015708, 7480667, 6149375)
(10921625, 7410875, 6172334)
(11020333, 7485958, 6207833)
(11090250, 7509541, 6322125)
(11002542, 7428459, 6191375)
(11588375, 7809625, 6530875)
(10569833, 7206625, 5929083)
(11202917, 7571667, 6320292)
(10951959, 7456958, 6167375)
(11183500, 7589666, 6276042)
(11781250, 7941625, 6623625)
(11463958, 7780791, 6478000)
(11373000, 7682917, 6410167)
(11339375, 7714958, 6383708)
(11268375, 7657500, 6322000)
(11420125, 7769750, 6429041)
(11957916, 8051250, 6693042)
(10835208, 7382917, 6082500)
(11547709, 7812208, 6519541)
(11225792, 7606625, 6313958)
(12031583, 8121292, 6736917)
(11726375, 7895041, 6572250)
(11425417, 7753125, 6404667)
(11490041, 7779209, 6386791)
(11415333, 7766750, 6446667)
(11463750, 7794542, 6394167)
(12043125, 8105375, 6766959)
(11673458, 7900917, 6559250)
(11165041, 7601375, 6280500)
(11974792, 8089333, 6726167)
(12037583, 8225417, 6730834)
(11763416, 7965625, 6601583)
(11730458, 7949667, 6532375)
(11533792, 7824375, 6440459)
(12055792, 8147375, 6736375)
(11887500, 8061375, 6657750)
(12180042, 8221375, 6790334)
(12139666, 8195708, 6812750)
(12459959, 8383333, 6989834)
(12205416, 8312167, 6816000)
(12337583, 8619458, 6741542)
(12246375, 8336708, 6812000)
(11862292, 8107792, 6601208)
(12515583, 8498500, 6956208)
(12400666, 8413167, 6900417)
(12149833, 8294792, 6740333)
(12178000, 8286583, 6772959)
(12622584, 8593542, 7039792)
(12665916, 8691875, 7045791)
(12309458, 8414708, 6840000)
(12349375, 8406417, 6881125)
(12735375, 8673292, 7121209)
(12642208, 8621084, 7012833)
(12642625, 8611833, 7093875)
(12017334, 8239042, 6673458)
(12585958, 8607250, 6961500)
(12932792, 8791875, 7208250)
(12535500, 8545709, 6944417)
(12606000, 8590542, 7072166)
(12594000, 8550625, 6974334)
(12984000, 8933250, 7231125)
(13041292, 8929792, 7200292)
(12710625, 8659875, 7047833)
(12886417, 8767167, 7135083)
(13188833, 8933250, 7273917)
(13038166, 8874958, 7254958)
(13261166, 9038417, 7333041)
(13100125, 8885083, 7313000)
(12841208, 8775750, 7169458)
(13438083, 9133416, 7402375)
(13260000, 9050250, 7334292)
(13259750, 9056292, 7309500)
(13272250, 9073916, 7363416)
(13611959, 9251417, 7544084)
(13159958, 8962916, 7271916)
(13749792, 9385125, 7620000)
(13188959, 8999000, 7294500)
(13126333, 8945458, 7305750)
(13100875, 8949750, 7238042)
(14128500, 9558042, 7816667)
(13296375, 9055792, 7339416)
(13706334, 9319333, 7581666)
(13926458, 9369459, 7635875)
(13535167, 9223459, 7480167)
(13565792, 9214250, 7552542)
(13411500, 9138292, 7473167)
(13824875, 9399542, 7654000)
(13518250, 9230833, 7479583)
(14057791, 9548708, 7754292)
(13763583, 9382875, 7542041)
(14053750, 9524959, 7725375)
(13855042, 9429166, 7694084)
(13359250, 9134958, 7379291)
(13987500, 9510791, 7689125)
(14182709, 9625583, 7844583)
(13965375, 9519125, 7720125)
(14016542, 9509042, 7778583)
(13401333, 9178500, 7377584)
(13947500, 9507791, 7650250)
(14346875, 9751000, 7939625)
(14481333, 9887958, 7983167)
(14203750, 9653541, 7813917)
(14239583, 9672042, 7810375)
(14433875, 9815833, 7935042)
(14254292, 9711416, 7843209)
(14345375, 9732875, 7850750)
(14306208, 9711958, 7890500)
(14314250, 9733417, 7858083)
(14540959, 9874292, 7995334)
(14425000, 9806208, 7930541)
(14726625, 9978375, 8062792)
(14025625, 9574250, 7689709)
(14726167, 10002291, 8070375)
(14296958, 9751166, 7832292)
(14711083, 10002666, 8102125)
(14632959, 9930584, 8053458)
(14542125, 9928000, 7982208)
(14778625, 10025333, 8126750)
(14192000, 9698250, 7815625)
(14276208, 9745083, 7858583)
(14426333, 9868459, 7931792)
(14738334, 10029250, 8089083)
(15077833, 10216708, 8286666)
(14885208, 10112167, 8169792)
(14447541, 9877041, 7962000)
(14388875, 9841458, 7860375)
(14843709, 10104833, 8149667)
(14859542, 10124708, 8184292)
(15265917, 10382875, 8372500)
(14746667, 10021708, 8105500)
(15436125, 10486042, 8466125)
(15066250, 10274292, 8248208)
(15576375, 10544792, 8547125)
(14720792, 10023208, 8093125)
(15452459, 10504125, 8472250)
(15488250, 10497875, 8457375)
(15420958, 10527875, 8437791)
(15354042, 10457417, 8453000)
(15933042, 10768584, 8726625)
(15212625, 10351458, 8307542)
(15459417, 10495750, 8500125)
(14927458, 10185541, 8196375)
(15741375, 10685500, 8583542)
(15301500, 10434000, 8365708)
(15865875, 10767917, 8689541)
(15674958, 10680250, 8557041)
(15214375, 10364750, 8318875)
(15496750, 10540708, 8489208)
(15940708, 10818334, 8717250)
(16183167, 10989583, 8859625)
(15905208, 10864417, 8744500)
(15610583, 11012417, 8553333)
(15481875, 10583209, 8451208)
(15441833, 10594209, 8452459)
(16582583, 11238416, 9103625)
(15540209, 10582333, 8501958)
(16332375, 11067875, 8935500)
(15964958, 10867792, 8720584)
(16173542, 10962917, 8897750)
(16346458, 11110334, 8943166)
(15660292, 10693375, 8538958)
(15752833, 10711792, 8607625)
(15812917, 10800750, 8640250)
(16222625, 11050375, 8804250)
(16035583, 11008791, 8760125)
(16414042, 11147459, 8951750)
(16302750, 11090375, 8900417)
(16157750, 10943166, 8892625)
(15979833, 10895750, 8703250)
(16849167, 11424667, 9239875)
(16642458, 11327916, 9077750)
(16740333, 11362083, 9141042)
(16062166, 10961625, 8817583)
(17261208, 11716917, 9401417)
(17535625, 11858417, 9559083)
(17023500, 11563958, 9257500)
(16489542, 11270084, 9013834)
(16981375, 11525083, 9380125)
(16844708, 11454542, 9217833)
(16276375, 11119292, 8837250)
(16720625, 11363583, 9116916)
(17271792, 11738250, 9383917)
(17071791, 11556167, 9358917)
(17510208, 11872458, 9529875)
(17637167, 11938667, 9665958)
(17002458, 11523958, 9277042)
(17725750, 11971833, 9672166)
(17543291, 11897000, 9557708)
(17820333, 12051916, 9676083)
(17016209, 11515542, 9227750)
(17133750, 11624625, 9339250)
(17993833, 12187875, 9800250)
(17778541, 12010834, 9699167)
(17463083, 11860084, 9510416)
