(0.00017995800590142608, 0.0003239160287193954, 1.0584015399217606e-05)
(0.0001538750366307795, 0.0003142500063404441, 8.957984391599894e-06)
(0.00015041697770357132, 0.00033849995816126466, 8.374976459890604e-06)
(0.00016266596503555775, 0.00034604198299348354, 8.457980584353209e-06)
(0.00015887495828792453, 0.00032520899549126625, 8.874980267137289e-06)
(0.00016487500397488475, 0.0003243749961256981, 8.708040695637465e-06)
(0.00016233400674536824, 0.00037129101110622287, 8.957984391599894e-06)
(0.0001633749925531447, 0.00035366701195016503, 8.91595846042037e-06)
(0.00017016701167449355, 0.000371375004760921, 9.083014447242022e-06)
(0.00017570797353982925, 0.0004087919951416552, 9.25001222640276e-06)
(0.00018058298155665398, 0.0003819169942289591, 9.25001222640276e-06)
(0.00017870799638330936, 0.0003802920109592378, 9.25001222640276e-06)
(0.0001800419995561242, 0.000389791966881603, 9.207986295223236e-06)
(0.00019170803716406226, 0.00042391702299937606, 9.874987881630659e-06)
(0.00018829101463779807, 0.0004699580022133887, 9.666022378951311e-06)
(0.0001859169569797814, 0.0003951659891754389, 9.832961950451136e-06)
(0.00019295798847451806, 0.00042112497612833977, 9.499955922365189e-06)
(0.00020054198103025556, 0.00043183297384530306, 1.0041985660791397e-05)
(0.00020358397159725428, 0.00046029197983443737, 9.916024282574654e-06)
(0.00020804197993129492, 0.0004494160530157387, 9.999959729611874e-06)
(0.000206666998565197, 0.00043658301001414657, 1.0083022061735392e-05)
(0.00020633399253711104, 0.0004330000374466181, 9.958981536328793e-06)
(0.00021116697462275624, 0.00046645902330055833, 1.0415969882160425e-05)
(0.00023483397671952844, 0.00046608300181105733, 1.0459043551236391e-05)
(0.00022141699446365237, 0.0004980830126442015, 1.0540999937802553e-05)
(0.0002293749712407589, 0.0005040830001235008, 1.070898724719882e-05)
(0.00022370798978954554, 0.0005374170141294599, 1.0750023648142815e-05)
(0.0002281250199303031, 0.0005072089843451977, 1.0707997716963291e-05)
(0.0002366660046391189, 0.0005520840059034526, 1.083302777260542e-05)
(0.00024262501392513514, 0.000530958001036197, 1.1041993275284767e-05)
(0.0002422920078970492, 0.0005507500027306378, 1.066701952368021e-05)
(0.00023883400717750192, 0.0005470420001074672, 1.0457995813339949e-05)
(0.00024529098300263286, 0.0005483750137500465, 1.1083960998803377e-05)
(0.0002495420048944652, 0.0005612499662674963, 1.087499549612403e-05)
(0.00025283300783485174, 0.000566834001801908, 1.0750023648142815e-05)
(0.00025399995502084494, 0.0005660420283675194, 1.1166965123265982e-05)
(0.00026595802046358585, 0.0006177920149639249, 1.091696321964264e-05)
(0.00026575004449114203, 0.0006134579889476299, 1.1124997399747372e-05)
(0.0002686670050024986, 0.0006526670185849071, 1.2375006917864084e-05)
(0.00027775001944974065, 0.0006342499982565641, 1.1666968930512667e-05)
(0.00027266598772257566, 0.000610541959758848, 1.1458992958068848e-05)
(0.0002809169818647206, 0.0006273330072872341, 1.1999974958598614e-05)
(0.000285915972199291, 0.0006647080299444497, 1.1834024917334318e-05)
(0.0002958750119432807, 0.0006590000120922923, 1.183303538709879e-05)
(0.0002947079483419657, 0.0006722499965690076, 1.2082979083061218e-05)
(0.00029850000282749534, 0.0006666670087724924, 1.1874944902956486e-05)
(0.0002989160129800439, 0.0007037079776637256, 1.2208009138703346e-05)
(0.0003219999489374459, 0.000688415952026844, 1.4207966160029173e-05)
(0.00031229096930474043, 0.0006889590295031667, 1.325004268437624e-05)
(0.0003131249686703086, 0.0006864159950055182, 1.2542004697024822e-05)
(0.0003202080260962248, 0.0007368749938905239, 1.3417040463536978e-05)
(0.00033241702476516366, 0.0007602500263601542, 1.3124954421073198e-05)
(0.00034149998100474477, 0.0007504579843953252, 1.2707954738289118e-05)
(0.00035845901584252715, 0.0007135000196285546, 1.3083976227790117e-05)
(0.00032770802499726415, 0.0007449580007232726, 1.3082986697554588e-05)
(0.0003664999967440963, 0.0007857080199755728, 1.3499986380338669e-05)
(0.00034137500915676355, 0.000782917020842433, 1.337495632469654e-05)
(0.0003457500133663416, 0.0007872919668443501, 1.3375014532357454e-05)
(0.0003523339983075857, 0.0008415000047534704, 1.3375014532357454e-05)
(0.0003536660224199295, 0.0007459159824065864, 1.3665994629263878e-05)
(0.00035904196556657553, 0.0008364999666810036, 1.3624958228319883e-05)
(0.00037575000897049904, 0.0008176249684765935, 1.4624965842813253e-05)
(0.0003708329750224948, 0.0008441659738309681, 1.429201802238822e-05)
(0.0003827500040642917, 0.0008665840141475201, 1.4249992091208696e-05)
(0.0003789589973166585, 0.0008725000079721212, 1.3999990187585354e-05)
(0.00038529199082404375, 0.0009110840037465096, 1.4457968063652515e-05)
(0.0003947910154238343, 0.0009276249911636114, 1.429201802238822e-05)
(0.0003930410020984709, 0.0008819579961709678, 1.4416989870369434e-05)
(0.00041687494376674294, 0.0009460410219617188, 1.612497726455331e-05)
(0.0004005000228062272, 0.0009083329932764173, 1.5290977898985147e-05)
(0.0004040420171804726, 0.0009420000133104622, 1.487502595409751e-05)
(0.00040787504985928535, 0.0008934170473366976, 1.4791032299399376e-05)
(0.00041912496089935303, 0.0010172500042244792, 1.5583005733788013e-05)
(0.00042033300269395113, 0.0009299590019509196, 1.529103610664606e-05)
(0.00041766598587855697, 0.0009355839574709535, 1.5125027857720852e-05)
(0.00042037497041746974, 0.0009443750022910535, 1.5041965525597334e-05)
(0.00043349998304620385, 0.000999749987386167, 1.5457975678145885e-05)
(0.0004373749834485352, 0.001014875015243888, 1.5416997484862804e-05)
(0.0004432089626789093, 0.001072874991223216, 1.5542027540504932e-05)
(0.0004481249488890171, 0.0010414579883217812, 1.5666009858250618e-05)
(0.0004491250147111714, 0.0010872919810935855, 1.5583995264023542e-05)
(0.000475957989692688, 0.0010840410250239074, 1.8082966562360525e-05)
(0.0004612499615177512, 0.0010774999973364174, 1.6584002878516912e-05)
(0.0004833329585380852, 0.0010905000381171703, 1.612497726455331e-05)
(0.00047383399214595556, 0.0010831669787876308, 1.6040983609855175e-05)
(0.0004766249912790954, 0.0010995829943567514, 1.6250007320195436e-05)
(0.0004744160105474293, 0.0010555839980952442, 1.6624981071799994e-05)
(0.0004872080171480775, 0.001094167004339397, 1.6457983292639256e-05)
(0.0004847919917665422, 0.001185000000987202, 1.737498678267002e-05)
(0.0004954580217599869, 0.0011190000222995877, 1.6707985196262598e-05)
(0.0005071670166216791, 0.001170207979157567, 1.695897663012147e-05)
(0.0005054170032963157, 0.0011163330054841936, 1.650000922381878e-05)
(0.0005030420143157244, 0.0011826659901998937, 1.691700890660286e-05)
(0.000511458027176559, 0.001145582995377481, 1.6708974726498127e-05)
(0.0005107919569127262, 0.0011624589678831398, 1.712498487904668e-05)
(0.0005134160164743662, 0.00125420797849074, 1.6874982975423336e-05)
(0.0005674170097336173, 0.001240750018041581, 1.8000020645558834e-05)
(0.0005403329851105809, 0.0011862919782288373, 1.758296275511384e-05)
(0.000559957989025861, 0.00127083295956254, 1.7457990907132626e-05)
(0.000550209020730108, 0.0012300420203246176, 1.808302477002144e-05)
(0.0005532079958356917, 0.0012420419952832162, 1.775001874193549e-05)
(0.0005560409626923501, 0.0012759999954141676, 1.8041988369077444e-05)
(0.0005717920139431953, 0.0012926670024171472, 1.7707992810755968e-05)
(0.0005610419902950525, 0.0012822090066038072, 1.791701652109623e-05)
(0.0005822919774800539, 0.0013890000409446657, 1.8207996618002653e-05)
(0.0005777499754913151, 0.0012970000389032066, 1.837499439716339e-05)
(0.0005844159750267863, 0.001342542003840208, 1.837499439716339e-05)
(0.0005807909765280783, 0.001364584022667259, 1.912500010803342e-05)
(0.0006240829825401306, 0.0013941669603809714, 1.9041006453335285e-05)
(0.0006052079843357205, 0.0013560410006903112, 1.8708000425249338e-05)
(0.0005989169585518539, 0.0013472499558702111, 1.89170241355896e-05)
(0.00066708296071738, 0.0014710419927723706, 1.9791012164205313e-05)
(0.0006146669620648026, 0.0014121670392341912, 1.912500010803342e-05)
(0.0006217919872142375, 0.0014384170062839985, 1.912500010803342e-05)
(0.0006338750245049596, 0.0014418749487958848, 1.9291008356958628e-05)
(0.0006275830091908574, 0.0014698340091854334, 1.9167026039212942e-05)
(0.000641792023088783, 0.0014483329723589122, 1.9082974176853895e-05)
(0.0006477080169133842, 0.0014689590316265821, 1.9708008039742708e-05)
(0.0006332920165732503, 0.0014654169790446758, 1.9625003915280104e-05)
(0.0006582500063814223, 0.001518125005532056, 1.9625003915280104e-05)
(0.0006528749945573509, 0.0015674579772166908, 1.9708008039742708e-05)
(0.0006634159944951534, 0.001543042017146945, 2.054200740531087e-05)
(0.0006690829759463668, 0.0015059579745866358, 2.0666979253292084e-05)
(0.0006777920061722398, 0.0014655409613624215, 2.0000035874545574e-05)
(0.000683707999996841, 0.001551374967675656, 2.054101787507534e-05)
(0.0006964579806663096, 0.0015877499827183783, 2.0749983377754688e-05)
(0.0007030830020084977, 0.0016160419909283519, 2.0875013433396816e-05)
(0.0006929580122232437, 0.0015514999977312982, 2.0625011529773474e-05)
(0.0007091660518199205, 0.0017566250171512365, 2.237502485513687e-05)
(0.0007377910078503191, 0.0016854160348884761, 2.1709012798964977e-05)
(0.0007309160428121686, 0.0016593749751336873, 2.1167041268199682e-05)
(0.0007299999706447124, 0.0016545829712413251, 2.1290965378284454e-05)
(0.00073441700078547, 0.0016704589943401515, 2.154201501980424e-05)
(0.0007559999939985573, 0.001776541001163423, 2.1208019461482763e-05)
(0.0007480409694835544, 0.0017619170248508453, 2.1667045075446367e-05)
(0.0007635420188307762, 0.0017683749902062118, 2.1459010895341635e-05)
(0.0007552090100944042, 0.0017745830118656158, 2.158299321308732e-05)
(0.0007947079720906913, 0.0017751249833963811, 2.1707965061068535e-05)
(0.0007592500187456608, 0.0017735420260578394, 2.1707965061068535e-05)
(0.0007699590059928596, 0.0018043749732896686, 2.154201501980424e-05)
(0.0007847920060157776, 0.0018842080025933683, 2.1916988771408796e-05)
(0.0007837910088710487, 0.0017902079853229225, 2.195901470258832e-05)
(0.0007989589939825237, 0.0018811250338330865, 2.2458028979599476e-05)
(0.0007970829610712826, 0.001840165990870446, 2.2332998923957348e-05)
(0.0007850410183891654, 0.0018282909877598286, 2.2249994799494743e-05)
(0.0008164579630829394, 0.0019280409906059504, 2.2709020413458347e-05)
(0.0008150000358000398, 0.0018824170110747218, 2.258300082758069e-05)
(0.0008261670009233057, 0.0018599580507725477, 2.274999860674143e-05)
(0.000820208981167525, 0.0019465420045889914, 2.2709020413458347e-05)
(0.000841124972794205, 0.001977292005904019, 2.31250305660069e-05)
(0.0008467499865218997, 0.002034125034697354, 2.3666012566536665e-05)
(0.0008544580196030438, 0.0019704579608514905, 2.3250002413988113e-05)
(0.0008445000275969505, 0.0019039170001633465, 2.3083994165062904e-05)
(0.0008634579717181623, 0.0019690829794853926, 2.3999949917197227e-05)
(0.0008714160067029297, 0.0020572920329868793, 2.3707980290055275e-05)
(0.000879958039149642, 0.002054832992143929, 2.3459026124328375e-05)
(0.0008802080410532653, 0.002132207970134914, 2.3333006538450718e-05)
(0.0008927910239435732, 0.0020910839666612446, 2.354203024879098e-05)
(0.0009137919987551868, 0.0021862919675186276, 2.362497616559267e-05)
(0.0009307079599238932, 0.0021065420005470514, 2.362497616559267e-05)
(0.0009330419707112014, 0.0022495840094052255, 2.354203024879098e-05)
(0.0009431249927729368, 0.0021588330273516476, 2.3500004317611456e-05)
(0.0009494169498793781, 0.0022226250148378313, 2.400000812485814e-05)
(0.0009561250335536897, 0.002257833955809474, 2.3958971723914146e-05)
(0.0009624999947845936, 0.0022233339841477573, 2.3917004000395536e-05)
(0.000980124983470887, 0.002305917034391314, 2.441596006974578e-05)
(0.0009667500271461904, 0.002145332982763648, 2.416601637378335e-05)
(0.0010139580117538571, 0.002224625030066818, 2.441700780764222e-05)
(0.0009954579873010516, 0.0022741249995306134, 2.4583947379142046e-05)
(0.0010224590077996254, 0.0022452499833889306, 2.441700780764222e-05)
(0.0010163330007344484, 0.002317209029570222, 2.5042041670531034e-05)
(0.0010382499895058572, 0.0022639160160906613, 2.504198346287012e-05)
(0.001047083002049476, 0.0023355419980362058, 2.4707987904548645e-05)
(0.0010753340320661664, 0.0022264170111157, 2.6083027478307486e-05)
(0.0010731249931268394, 0.002398708020336926, 2.4874985683709383e-05)
(0.0010884590446949005, 0.0023981250124052167, 2.579198917374015e-05)
(0.001115916995331645, 0.0024262500228360295, 2.920802216976881e-05)
(0.0010992090101353824, 0.0025719580007717013, 2.520898124203086e-05)
(0.0011261670151725411, 0.0024396670050919056, 2.6124995201826096e-05)
(0.0011403340031392872, 0.002457624999806285, 2.6166962925344706e-05)
(0.0011427499703131616, 0.002516042033676058, 2.566596958786249e-05)
(0.001139833009801805, 0.0024064589524641633, 2.5874993298202753e-05)
(0.0011518750106915832, 0.0025624579866416752, 2.5874993298202753e-05)
(0.0011617079726420343, 0.0025029590469785035, 2.616702113300562e-05)
(0.00118395802564919, 0.0025995419709943235, 2.641702303662896e-05)
(0.001193790987599641, 0.0025273329811170697, 2.6459048967808485e-05)
(0.0012061670422554016, 0.002515292027965188, 2.6458001229912043e-05)
(0.001213999988976866, 0.002692916023079306, 2.6500027161091566e-05)
(0.0012196669704280794, 0.002638125035446137, 2.6292051188647747e-05)
(0.0012285409611649811, 0.0025801669689826667, 2.6999972760677338e-05)
(0.0012367910239845514, 0.002627125009894371, 2.666597720235586e-05)
(0.0012486660270951688, 0.0026042499812319875, 2.658303128555417e-05)
(0.0012710000155493617, 0.0027220420306548476, 2.762500662356615e-05)
(0.0012855000095441937, 0.002741042000707239, 2.7082976885139942e-05)
(0.0012829169863834977, 0.0026963749551214278, 2.72089964710176e-05)
(0.001293207984417677, 0.002848916978109628, 2.7375004719942808e-05)
(0.0013033330324105918, 0.002868541982024908, 2.716603921726346e-05)
(0.0013152089668437839, 0.0028691659681499004, 2.7332978788763285e-05)
(0.0013305420288816094, 0.0028149590361863375, 2.783298259600997e-05)
(0.0013387079816311598, 0.0028365000034682453, 2.779200440272689e-05)
(0.001364625000860542, 0.0028304170118644834, 2.7834030333906412e-05)
(0.001367166987620294, 0.002941582992207259, 2.7540954761207104e-05)
(0.0013886250089854002, 0.0029014580068178475, 2.7708010748028755e-05)
(0.0013882499770261347, 0.002920250000897795, 2.7958012651652098e-05)
(0.0013943339581601322, 0.003013750014360994, 2.804200630635023e-05)
(0.0014215830015018582, 0.002964792016427964, 2.8165988624095917e-05)
(0.001426833972800523, 0.0029977079830132425, 2.862501423805952e-05)
(0.0014329159748740494, 0.002949999994598329, 2.90420139208436e-05)
(0.0014306660159491003, 0.0029700000304728746, 2.8499984182417393e-05)
(0.0014459589729085565, 0.0031261250260286033, 2.8708018362522125e-05)
(0.0014638330321758986, 0.0030146249919198453, 2.858403604477644e-05)
(0.0014722910127602518, 0.00320683402242139, 2.962502185255289e-05)
(0.0015201669884845614, 0.00316733296494931, 2.9332994017750025e-05)
(0.001516499964054674, 0.003104457980953157, 2.920901170000434e-05)
(0.0015207919641397893, 0.0032171669881790876, 2.9332994017750025e-05)
(0.001538416021503508, 0.0032228329801000655, 3.000005381181836e-05)
(0.0015492499805986881, 0.0032935000490397215, 3.183301305398345e-05)
(0.001557833980768919, 0.003285999991931021, 3.0124967452138662e-05)
(0.0015757500077597797, 0.003229582973290235, 3.037502756342292e-05)
(0.0015761249815113842, 0.0032383750076405704, 2.9749993700534105e-05)
(0.0015739169903099537, 0.0033657080493867397, 3.8041966035962105e-05)
(0.0016147910500876606, 0.0033921670401468873, 2.9916991479694843e-05)
(0.001599749957676977, 0.003320458985399455, 3.024999750778079e-05)
(0.0016386249917559326, 0.0033364169648848474, 3.0333001632243395e-05)
(0.0016472910065203905, 0.0033968749921768904, 3.0790979508310556e-05)
(0.0016617500223219395, 0.003397541993763298, 3.02919652312994e-05)
(0.0016788749489933252, 0.0034545829985290766, 3.037502756342292e-05)
(0.001677708001807332, 0.0035317500005476177, 3.095896681770682e-05)
(0.0016847499646246433, 0.0035697919665835798, 3.108300734311342e-05)
(0.0017034169868566096, 0.0036027500173076987, 3.137503517791629e-05)
(0.0017028329893946648, 0.003579209034796804, 3.095803549513221e-05)
(0.0017201669979840517, 0.0036659580073319376, 3.162503708153963e-05)
(0.001764874963555485, 0.0035570840118452907, 3.145798109471798e-05)
(0.0017650410300120711, 0.003492875024676323, 3.1374976970255375e-05)
(0.0017615419928915799, 0.0036637079901993275, 3.170798299834132e-05)
(0.0017988329636864364, 0.003673999977763742, 3.125000512227416e-05)
(0.0017984579899348319, 0.003673999977763742, 3.125000512227416e-05)
(0.0018450000206939876, 0.0036777500063180923, 3.487500362098217e-05)
(0.0018736670026555657, 0.0036876670201309025, 3.2750016544014215e-05)
(0.0018326669814996421, 0.0036822500405833125, 3.312499029561877e-05)
(0.0018487499910406768, 0.0037074160063639283, 3.21249826811254e-05)
(0.0018586249789223075, 0.003825250023510307, 3.204203676432371e-05)
(0.0018802079721353948, 0.003840249963104725, 3.229198046028614e-05)
(0.0018922089948318899, 0.0038394169532693923, 5.2875024266541004e-05)
(0.001917583984322846, 0.0038490419974550605, 3.2750016544014215e-05)
(0.0019018750172108412, 0.0038554170168936253, 3.404100425541401e-05)
(0.0019418339943513274, 0.0038223330047912896, 3.391696373000741e-05)
(0.0020055410568602383, 0.0039707079995423555, 3.300001844763756e-05)
(0.0019601659732870758, 0.004103375016711652, 3.3791991882026196e-05)
(0.0020074169733561575, 0.004032875003758818, 3.324996214359999e-05)
(0.002019417006522417, 0.0040184579556807876, 3.333296626806259e-05)
(0.0020152500364929438, 0.004017540952190757, 3.3165968488901854e-05)
(0.001994707970879972, 0.004263625014573336, 3.32500203512609e-05)
(0.00201670901151374, 0.004257124965079129, 3.6792014725506306e-05)
(0.0020467910217121243, 0.004111916990950704, 3.512500552460551e-05)
(0.002129875007085502, 0.0042427919688634574, 3.4333032090216875e-05)
(0.0020713339908979833, 0.00419129099464044, 3.3999967854470015e-05)
(0.002073708048556, 0.004217459005303681, 3.4582975786179304e-05)
(0.00212599994847551, 0.004212333005852997, 3.491598181426525e-05)
(0.0021071670344099402, 0.00435541698243469, 3.458303399384022e-05)
(0.0021575410501100123, 0.004362625011708587, 3.50830378010869e-05)
(0.0021302499808371067, 0.004536124994046986, 4.116701893508434e-05)
(0.0021364580024965107, 0.004407416039612144, 3.466597991064191e-05)
(0.002227791992481798, 0.0043801250285468996, 3.529200330376625e-05)
(0.0022032500128261745, 0.004319082945585251, 3.533298149704933e-05)
(0.0022118339547887444, 0.004519624984823167, 3.529200330376625e-05)
(0.0021897919941693544, 0.004345875000581145, 3.5334029234945774e-05)
(0.0022098749759607017, 0.004406791995279491, 3.56250093318522e-05)
(0.002249707991722971, 0.004428999964147806, 3.558304160833359e-05)
(0.002252332982607186, 0.0047242079745046794, 3.483297768980265e-05)
(0.002281624998431653, 0.0045856249635107815, 3.6207959055900574e-05)
(0.0022768749622628093, 0.004477249982301146, 3.5959004890173674e-05)
(0.0022753330413252115, 0.0046602090005762875, 3.57080134563148e-05)
(0.002306708018295467, 0.004668166977353394, 3.608298720791936e-05)
(0.0023126660380512476, 0.004659999976865947, 3.629102138802409e-05)
(0.0023274580016732216, 0.004790582985151559, 3.616698086261749e-05)
(0.0023404580424539745, 0.004814791027456522, 3.616698086261749e-05)
(0.0023527079611085355, 0.004801166011020541, 3.6582991015166044e-05)
(0.0023543749703094363, 0.004679709032643586, 3.625004319474101e-05)
(0.0023682499886490405, 0.004800874972715974, 3.6375015042722225e-05)
(0.002450082974974066, 0.005061707983259112, 3.749999450519681e-05)
(0.002430083986837417, 0.004984666942618787, 3.7999998312443495e-05)
(0.0024506250047124922, 0.004860124958213419, 3.970903344452381e-05)
(0.0024786670110188425, 0.00502012501237914, 3.787502646446228e-05)
(0.0024694169987924397, 0.0049251249874942005, 3.691599704325199e-05)
(0.0024673750158399343, 0.004915833007544279, 3.833399387076497e-05)
(0.0024936249828897417, 0.005014166992623359, 3.737496444955468e-05)
(0.0025044999783858657, 0.005134832987096161, 3.729102900251746e-05)
(0.0025170419830828905, 0.005103375006001443, 3.7541030906140804e-05)
(0.002536665997467935, 0.005067959020379931, 3.8583006244152784e-05)
(0.002548040996771306, 0.0050337500288151205, 3.791600465774536e-05)
(0.002603875007480383, 0.005209833034314215, 3.770896000787616e-05)
(0.002577000006567687, 0.00513712503015995, 3.716698847711086e-05)
(0.002590209012851119, 0.00522404199000448, 3.774999640882015e-05)
(0.00258808396756649, 0.005080208997242153, 3.7999998312443495e-05)
(0.002615458972286433, 0.0053768339566886425, 3.8416008464992046e-05)
(0.0026427499833516777, 0.005258999997749925, 3.7624966353178024e-05)
(0.002639667014591396, 0.005486709007527679, 3.837497206404805e-05)
(0.002663999970536679, 0.005208084010519087, 3.9000005926936865e-05)
(0.0026957499794662, 0.00543299998389557, 3.8457976188510656e-05)
(0.0026831249706447124, 0.005321290984284133, 3.958400338888168e-05)
(0.00269799999659881, 0.005470915988553315, 3.870803629979491e-05)
(0.0026963750133290887, 0.0054169159848243, 3.883300814777613e-05)
(0.002729125029873103, 0.005452000012155622, 3.925000783056021e-05)
(0.0027561250026337802, 0.005578916985541582, 3.97089752368629e-05)
(0.0027526660123839974, 0.0055654579773545265, 4.658300895243883e-05)
(0.0028423339826986194, 0.005736750026699156, 3.9790989831089973e-05)
(0.0028172919992357492, 0.005632375017739832, 3.9834005292505026e-05)
(0.0028317499672994018, 0.005605083017144352, 3.970903344452381e-05)
(0.0028302500140853226, 0.005534375028219074, 4.0624989196658134e-05)
(0.0028524589724838734, 0.005729333031922579, 4.012498538941145e-05)
(0.0028522920329123735, 0.00608725001802668, 4.087499110028148e-05)
(0.002921457984484732, 0.005787000001873821, 4.066602559760213e-05)
(0.002920874976553023, 0.005740624968893826, 4.070799332112074e-05)
(0.002933666983153671, 0.005775124998763204, 4.0792045183479786e-05)
(0.002957542019430548, 0.00584200001321733, 4.133401671424508e-05)
(0.0029267920181155205, 0.006064917019102722, 4.074996104463935e-05)
(0.002967415959574282, 0.006016416009515524, 4.1000021155923605e-05)
(0.0029962080297991633, 0.00586441601626575, 4.087499110028148e-05)
(0.002987167041283101, 0.005925540986936539, 4.087499110028148e-05)
(0.0030292090377770364, 0.006046542024705559, 4.0832965169101954e-05)
(0.0030137920402921736, 0.006203416036441922, 4.179199459031224e-05)
(0.003027042024768889, 0.006170041975565255, 4.154100315645337e-05)
(0.0030383330304175615, 0.00602162501309067, 4.166702274233103e-05)
(0.003072333987802267, 0.006151750043500215, 4.195800283923745e-05)
(0.0030672919820062816, 0.006421666999813169, 4.187499871477485e-05)
(0.003096124972216785, 0.006194999965373427, 4.283303860574961e-05)
(0.003126167051959783, 0.006299583008512855, 4.199997056275606e-05)
(0.0031265420257113874, 0.006334583042189479, 4.191702464595437e-05)
(0.003135667007882148, 0.006285749957896769, 4.1665975004434586e-05)
(0.003164666995871812, 0.006444082944653928, 4.241598071530461e-05)
(0.003161041997373104, 0.00636741699418053, 4.233396612107754e-05)
(0.00318545795744285, 0.006336541962809861, 4.27919439971447e-05)
(0.0032125409925356507, 0.00657916598720476, 4.250003257766366e-05)
(0.0032455840264447033, 0.006489792023785412, 4.325003828853369e-05)
(0.003271249996032566, 0.006638917024247348, 4.287500632926822e-05)
(0.003274249960668385, 0.0066657919669523835, 4.287500632926822e-05)
(0.003285542014054954, 0.006724333041347563, 4.312500823289156e-05)
(0.003320207993965596, 0.006692957947961986, 4.345801426097751e-05)
(0.003323208016809076, 0.006717334035784006, 4.3459003791213036e-05)
(0.003361125010997057, 0.0068431670079007745, 4.308304050937295e-05)
(0.0033395829959772527, 0.006877832987811416, 4.320900188758969e-05)
(0.0033914580126293004, 0.006545166950672865, 4.4249987695366144e-05)
(0.003385542018804699, 0.006931375013664365, 4.416698357090354e-05)
(0.0034135839669033885, 0.006898124993313104, 4.470802377909422e-05)
(0.0034036249853670597, 0.006920500018168241, 4.4042011722922325e-05)
(0.00342399999499321, 0.006873624981380999, 5.0125003326684237e-05)
(0.0034543329966254532, 0.007281333033461124, 4.445802187547088e-05)
(0.0034989999840036035, 0.007186334056314081, 4.51250234618783e-05)
(0.00346641696523875, 0.007082958007231355, 4.46249614469707e-05)
(0.0035046659759245813, 0.006917416991200298, 4.5042019337415695e-05)
(0.003523999999742955, 0.0071844999911263585, 4.4625019654631615e-05)
(0.003541999962180853, 0.006961708015296608, 4.75830165669322e-05)
(0.0035404160153120756, 0.007211917021777481, 4.554196493700147e-05)
(0.0035742499749176204, 0.007212541997432709, 4.549999721348286e-05)
(0.0035636660177260637, 0.007372667023446411, 4.495802568271756e-05)
(0.0036741250078193843, 0.007052083034068346, 4.570902092382312e-05)
(0.0036165000055916607, 0.007372667023446411, 4.57499991171062e-05)
(0.0036816250067204237, 0.0074575410108082, 4.562496906146407e-05)
(0.0036603750195354223, 0.0074389579822309315, 4.587502917274833e-05)
(0.003653958032373339, 0.007525958004407585, 5.387497367337346e-05)
(0.00369766604853794, 0.007639082963578403, 4.7499954234808683e-05)
(0.0037372910301201046, 0.007630291976965964, 4.7250010538846254e-05)
(0.0037456669961102307, 0.007607957988511771, 4.620797699317336e-05)
(0.0037691660108976066, 0.0075225839973427355, 4.720897413790226e-05)
(0.0037605410325340927, 0.007726959011051804, 4.658399848267436e-05)
(0.0037714590434916317, 0.007717834028881043, 5.0499977078288794e-05)
(0.003804999985732138, 0.007591500005219132, 4.691601498052478e-05)
(0.0038063329993747175, 0.007410457998048514, 4.737504059448838e-05)
(0.0038471249863505363, 0.00779454194707796, 4.7291978262364864e-05)
(0.0038644580054096878, 0.0077763330191373825, 4.75000124424696e-05)
(0.003865208011120558, 0.007841791957616806, 4.7667010221630335e-05)
(0.0038887080154381692, 0.007914791989605874, 4.7666020691394806e-05)
(0.0038900839863345027, 0.007878416974563152, 4.7707988414913416e-05)
(0.003938333014957607, 0.008068167022429407, 5.0833041314035654e-05)
(0.003964624949730933, 0.00804370897822082, 5.7500030379742384e-05)
(0.003965832991525531, 0.00786075001815334, 4.775001434609294e-05)
(0.004010458011180162, 0.008021124987863004, 4.812504630535841e-05)
(0.003990166005678475, 0.008146375010255724, 4.875002196058631e-05)
(0.00399729103082791, 0.00802687497343868, 4.816596629098058e-05)
(0.00401724997209385, 0.00823608395876363, 4.837499000132084e-05)
(0.004039417020976543, 0.008253542007878423, 4.8457994125783443e-05)
(0.0040872080135159194, 0.008034250000491738, 4.879100015386939e-05)
(0.004108416032977402, 0.008076082973275334, 4.804198397323489e-05)
(0.0040940840262919664, 0.008178292016964406, 4.866597009822726e-05)
(0.0041107089491561055, 0.008356750011444092, 4.895799793303013e-05)
(0.004165208025369793, 0.008425583015196025, 4.875002196058631e-05)
(0.0041542500257492065, 0.0083981670322828, 4.8915972001850605e-05)
(0.004137749958317727, 0.00845829100580886, 4.9459049478173256e-05)
(0.004190833016764373, 0.008695625001564622, 4.941597580909729e-05)
(0.00419450004119426, 0.008442958001978695, 5.054200300946832e-05)
(0.004221125040203333, 0.00858299998799339, 4.9667025450617075e-05)
(0.0042928329785354435, 0.008452999987639487, 4.995899507775903e-05)
(0.004337541002314538, 0.008611291996203363, 4.9875001423060894e-05)
(0.004291791992727667, 0.008621458953712136, 5.0332979299128056e-05)
(0.0043127500102855265, 0.008755791001021862, 5.004199920222163e-05)
(0.004323999979533255, 0.008628333976957947, 5.12079568579793e-05)
(0.00441562500782311, 0.008938959043007344, 4.9833033699542284e-05)
(0.00435241695959121, 0.00889329198980704, 4.9875001423060894e-05)
(0.004380333994049579, 0.008735082985367626, 5.054101347923279e-05)
(0.004405915969982743, 0.008937624981626868, 5.241698818281293e-05)
(0.004444291989784688, 0.009075708978343755, 5.3499999921768904e-05)
(0.0044409160036593676, 0.008962874999269843, 5.1042006816715e-05)
(0.004469874955248088, 0.00918470899341628, 5.133403465151787e-05)
(0.004465000005438924, 0.00871137500507757, 5.199998850002885e-05)
(0.0045118750422261655, 0.009160791989415884, 5.1292008720338345e-05)
(0.004501875024288893, 0.00917624996509403, 5.312502617016435e-05)
(0.004567625001072884, 0.009165666007902473, 5.199998850002885e-05)
(0.004771040985360742, 0.009377915994264185, 5.208299262449145e-05)
(0.004588750016409904, 0.009182749956380576, 5.1708018872886896e-05)
(0.004567041003610939, 0.009063792007509619, 5.1916984375566244e-05)
(0.004609249997884035, 0.009358957991935313, 5.245895590633154e-05)
(0.004600625019520521, 0.009276875003706664, 5.116703687235713e-05)
(0.00465187500230968, 0.009724834002554417, 5.0708011258393526e-05)
(0.004713999980594963, 0.009509584051556885, 5.108397454023361e-05)
(0.004664707987103611, 0.00957833300344646, 5.220901221036911e-05)
(0.004772582964506, 0.009693540981970727, 5.1957962568849325e-05)
(0.004718291980680078, 0.009679500013589859, 5.124998278915882e-05)
(0.004742958000861108, 0.009567833971232176, 5.1332986913621426e-05)
(0.004794540989678353, 0.009803291002754122, 5.1916984375566244e-05)
(0.004858875006902963, 0.009583458013366908, 5.216698627918959e-05)
(0.004839874978642911, 0.009823833010159433, 5.283398786559701e-05)
(0.004813499981537461, 0.00987200002418831, 5.204096669331193e-05)
(0.004898957966361195, 0.009682957956101745, 5.520798731595278e-05)
(0.0048387080314569175, 0.009713625011499971, 5.266699008643627e-05)
(0.004853666003327817, 0.009955999965313822, 5.195901030674577e-05)
(0.004877624975051731, 0.009970541985239834, 5.337502807378769e-05)
(0.0048903749557211995, 0.009932416956871748, 5.2749994210898876e-05)
(0.004953166993800551, 0.010000707989092916, 5.420896923169494e-05)
(0.004941208986565471, 0.00991704099578783, 5.287496605888009e-05)
(0.004950458009261638, 0.010138707992155105, 5.387497367337346e-05)
(0.004963290994055569, 0.010182208032347262, 5.3333002142608166e-05)
(0.005011499975807965, 0.010156250034924597, 5.3750001825392246e-05)
(0.005018875002861023, 0.01051441696472466, 7.041695062071085e-05)
(0.005068124970421195, 0.010301874950528145, 5.366699770092964e-05)
(0.005080499977339059, 0.010323708993382752, 5.3958967328071594e-05)
(0.005129166005644947, 0.01056941703427583, 5.4333999287337065e-05)
(0.005137790984008461, 0.010573709034360945, 5.40419714525342e-05)
(0.005160333996172994, 0.01019724999787286, 5.3750001825392246e-05)
(0.005174332996830344, 0.01036541594658047, 5.4333009757101536e-05)
(0.005213125026784837, 0.01045854203402996, 5.4582953453063965e-05)
(0.005218125006649643, 0.01095479098148644, 5.358399357646704e-05)
(0.005236958037130535, 0.010645958012901247, 5.58749889023602e-05)
(0.005288417043630034, 0.010738665994722396, 5.51670091226697e-05)
(0.005261291982606053, 0.01067874999716878, 5.529198097065091e-05)
(0.0052782500279136, 0.010236207977868617, 5.4917007219046354e-05)
(0.005341875017620623, 0.010945542016997933, 5.504197906702757e-05)
(0.005315874994266778, 0.010763540980406106, 5.487498128786683e-05)
(0.005368500016629696, 0.011064916965551674, 5.520798731595278e-05)
(0.005349499988369644, 0.011017541051842272, 5.4917007219046354e-05)
(0.005418999993707985, 0.01122754201060161, 5.549995694309473e-05)
(0.005419209017418325, 0.010790999978780746, 5.500001134350896e-05)
(0.005423124996013939, 0.010923041962087154, 5.524995503947139e-05)
(0.005506374989636242, 0.011182749993167818, 5.624996265396476e-05)
(0.005446791008580476, 0.01086041599046439, 5.583296297118068e-05)
(0.005477958999108523, 0.011398583999834955, 5.683297058567405e-05)
(0.005539208010304719, 0.01155704096890986, 5.5750017054378986e-05)
(0.0055469999788329005, 0.011645249964203686, 5.616602720692754e-05)
(0.005540958954952657, 0.01131945796078071, 5.6582968682050705e-05)
(0.005587375024333596, 0.011677334026899189, 5.670799873769283e-05)
(0.005637416965328157, 0.011342666985001415, 5.666603101417422e-05)
(0.005612584005575627, 0.011445250012911856, 5.6124990805983543e-05)
(0.005671749997418374, 0.011238457984291017, 5.741597851738334e-05)
(0.005674166954122484, 0.011403125012293458, 5.787500413134694e-05)
(0.005693416984286159, 0.011249125003814697, 6.033398676663637e-05)
(0.005698208988178521, 0.012042791990097612, 6.049999501556158e-05)
(0.005760792002547532, 0.011847292014863342, 6.095797289162874e-05)
(0.005800665996503085, 0.01182191603584215, 5.729199619963765e-05)
(0.005814208998344839, 0.011791417025960982, 5.704100476577878e-05)
(0.005781334009952843, 0.012129916984122247, 5.749997217208147e-05)
(0.005837459000758827, 0.011923666985239834, 5.758303450420499e-05)
(0.005825874977745116, 0.011941792035941035, 5.8165984228253365e-05)
(0.0058398330002091825, 0.012044292001519352, 5.808298010379076e-05)
(0.005863083002623171, 0.012041541980579495, 5.804101238027215e-05)
(0.00593004102120176, 0.01176487497286871, 6.150000263005495e-05)
(0.005881707998923957, 0.012325666029937565, 5.83329820074141e-05)
(0.00595149997388944, 0.012078250001650304, 6.074999691918492e-05)
(0.005983332986943424, 0.012756125011947006, 6.987497908994555e-05)
(0.00603508303174749, 0.012403834029100835, 5.9624959249049425e-05)
(0.005981250025797635, 0.012400417006574571, 5.8416975662112236e-05)
(0.00612295902101323, 0.01245316700078547, 6.079202285036445e-05)
(0.0060497919912450016, 0.012261083000339568, 5.929102189838886e-05)
(0.006107916997279972, 0.01258212502580136, 5.883298581466079e-05)
(0.006096625002101064, 0.012607666954863816, 6.504199700430036e-05)
(0.0061352080083452165, 0.012348958000075072, 5.862500984221697e-05)
(0.006128875014837831, 0.012761374993715435, 5.8999983593821526e-05)
(0.006171457993332297, 0.012261625030077994, 6.570899859070778e-05)
(0.006216125038918108, 0.012891958002001047, 6.029201904311776e-05)
(0.0062174160266295075, 0.012704666994977742, 6.0165999457240105e-05)
(0.006259166984818876, 0.013009541959036142, 5.9999991208314896e-05)
(0.006284167000558227, 0.01295499998377636, 5.9999991208314896e-05)
(0.006286041985731572, 0.013110707979649305, 6.087496876716614e-05)
(0.006340750027447939, 0.012895542022306472, 5.9999991208314896e-05)
(0.006296708015725017, 0.013103333010803908, 5.9999991208314896e-05)
(0.00637266697594896, 0.012969332979992032, 6.074999691918492e-05)
(0.006347499962430447, 0.013204624992795289, 6.216700421646237e-05)
(0.006433167029172182, 0.013082167017273605, 6.295798812061548e-05)
(0.0064254169701598585, 0.013579999969806522, 6.150000263005495e-05)
(0.006441082980018109, 0.013555333018302917, 6.125000072643161e-05)
(0.006469457992352545, 0.013622792030218989, 6.233301246538758e-05)
(0.006476000009570271, 0.0131707499967888, 7.316697156056762e-05)
(0.00648741697659716, 0.013273834018036723, 6.129097891971469e-05)
(0.006546749966219068, 0.013735916989389807, 6.566703086718917e-05)
(0.006588082993403077, 0.013319334015250206, 6.179098272696137e-05)
(0.006588082993403077, 0.013546750007662922, 6.495899287983775e-05)
(0.006571040954440832, 0.01355283398879692, 6.129196844995022e-05)
(0.006637040991336107, 0.013611250033136457, 6.287498399615288e-05)
(0.006628291972447187, 0.01354045799234882, 6.195902824401855e-05)
(0.006670666974969208, 0.013955417030956596, 6.250001024454832e-05)
(0.00668629101710394, 0.014045292045921087, 6.233295425772667e-05)
(0.006725082988850772, 0.013587958994321525, 6.216700421646237e-05)
(0.006767541985027492, 0.014296250010374933, 6.283301627263427e-05)
(0.006758958974387497, 0.01389374997233972, 6.22920342721045e-05)
(0.0068069169647060335, 0.014343958988320082, 6.316701183095574e-05)
(0.0067900000140070915, 0.0141441659652628, 6.550003308802843e-05)
(0.0068131249863654375, 0.014060333021916449, 6.22920342721045e-05)
(0.006819124973844737, 0.014075959043111652, 6.541697075590491e-05)
(0.00690533296437934, 0.014244791003875434, 6.295798812061548e-05)
(0.0069362500216811895, 0.014155375014524907, 6.295897765085101e-05)
(0.006890583026688546, 0.01431041699834168, 6.35419855825603e-05)
(0.006995041039772332, 0.014168999972753227, 6.383401341736317e-05)
(0.007036833965685219, 0.014538042014464736, 6.366701563820243e-05)
(0.007010082947090268, 0.014350125042255968, 6.541697075590491e-05)
(0.006999125005677342, 0.014430834038648754, 6.400002166628838e-05)
(0.007041207980364561, 0.014408165996428579, 6.454199319705367e-05)
(0.007049041974823922, 0.014750833041034639, 6.416597170755267e-05)
(0.007100041955709457, 0.014811999979428947, 6.5833970438689e-05)
(0.007150874997023493, 0.014639333006925881, 7.72500061430037e-05)
(0.007122125010937452, 0.014816833019722253, 6.445898907259107e-05)
(0.0071566670085303485, 0.014841583033557981, 6.495800334960222e-05)
(0.0072460409719496965, 0.014631833008024842, 6.437499541789293e-05)
(0.00718983297701925, 0.01473804097622633, 6.412499351426959e-05)
(0.00724199996329844, 0.014773542003240436, 6.470800144597888e-05)
(0.007323416997678578, 0.015511749952565879, 7.191702025011182e-05)
(0.00724950002040714, 0.015225915994960815, 6.545899668708444e-05)
(0.00728483300190419, 0.015569249982945621, 7.675000233575702e-05)
(0.007320292002987117, 0.014898624969646335, 8.533301297575235e-05)
(0.0073245419771410525, 0.015053375042043626, 6.583298090845346e-05)
(0.007408417004626244, 0.015321207989472896, 7.812498370185494e-05)
(0.007396125001832843, 0.015452708001248538, 7.812498370185494e-05)
(0.007444625021889806, 0.01539095799671486, 6.59999786876142e-05)
(0.007512583979405463, 0.015388083993457258, 6.908300565555692e-05)
(0.007508957991376519, 0.015370832988992333, 8.091598283499479e-05)
(0.007536625023931265, 0.01562445901799947, 6.612500874325633e-05)
(0.007553792034741491, 0.015125916979741305, 6.658298661932349e-05)
(0.007607291976455599, 0.01598816696787253, 6.991694681346416e-05)
(0.007547958986833692, 0.015494249993935227, 6.808299804106355e-05)
(0.007527250039856881, 0.01606645801803097, 6.750004831701517e-05)
(0.0076181250042282045, 0.015714624954853207, 7.19579984433949e-05)
(0.007668291975278407, 0.015761958027724177, 9.120797039940953e-05)
(0.007739333959762007, 0.015866792004089803, 9.175000013783574e-05)
(0.007653041975572705, 0.015979250019881874, 6.695801857858896e-05)
(0.007695209002122283, 0.015666124993003905, 6.77499920129776e-05)
(0.007758583000395447, 0.015844542009290308, 6.900000153109431e-05)
(0.007775041973218322, 0.01593300001695752, 7.533299503847957e-05)
(0.007774625031743199, 0.016158792015630752, 6.816600216552615e-05)
(0.007812209019903094, 0.015855500008910894, 6.787496386095881e-05)
(0.007810667040757835, 0.01632870896719396, 6.812502397224307e-05)
(0.007871875015553087, 0.01619308302178979, 6.816699169576168e-05)
(0.007832749979570508, 0.016572499996982515, 6.812502397224307e-05)
(0.007919415947981179, 0.01672279101330787, 8.058396633714437e-05)
(0.007980291033163667, 0.016518125019501895, 7.200002437457442e-05)
(0.007931167026981711, 0.016767916968092322, 6.920896703377366e-05)
(0.007963875017594546, 0.017109417007304728, 7.733399979770184e-05)
(0.007994832994882017, 0.01610504201380536, 6.88750296831131e-05)
(0.008016332983970642, 0.016609666985459626, 8.30839853733778e-05)
(0.00821474997792393, 0.017051124945282936, 6.883300375193357e-05)
(0.008041041030082852, 0.01709154195850715, 6.975000724196434e-05)
(0.008155582996550947, 0.017059332982171327, 7.000000914558768e-05)
(0.008154291019309312, 0.016866624995600432, 8.683401392772794e-05)
(0.008181708049960434, 0.017046084045432508, 7.299997378140688e-05)
(0.008186291961465031, 0.01720729103544727, 6.975000724196434e-05)
(0.008230999985244125, 0.01680387498345226, 6.945797940716147e-05)
(0.008170416986104101, 0.017421792028471828, 7.058301707729697e-05)
(0.008372083015274256, 0.017003708984702826, 7.008400280028582e-05)
(0.008271250000689179, 0.01736687502125278, 7.058295886963606e-05)
(0.008319374988786876, 0.017065832973457873, 6.991700502112508e-05)
(0.008271166996564716, 0.01741887500975281, 6.954197306185961e-05)
(0.008666249981615692, 0.017933957977220416, 7.06670107319951e-05)
(0.008348999952431768, 0.017520416993647814, 7.045804522931576e-05)
(0.00842687499243766, 0.0173804999794811, 7.116701453924179e-05)
(0.008452625013887882, 0.01787620800314471, 7.12500186637044e-05)
(0.008526791993062943, 0.017546791001223028, 7.491698488593102e-05)
(0.008469875028822571, 0.017715125053655356, 7.095799082890153e-05)
(0.008562083006836474, 0.017543249996379018, 7.075001485645771e-05)
(0.008518833026755601, 0.017543249996379018, 7.100001676008105e-05)
(0.008566541015170515, 0.01772075000917539, 8.324999362230301e-05)
(0.008657291997224092, 0.01813029096229002, 7.341703167185187e-05)
(0.008581083035096526, 0.018101957975886762, 7.65420263633132e-05)
(0.008624540991149843, 0.017790000012610108, 7.220800034701824e-05)
(0.008643832989037037, 0.01820079202298075, 7.174996426329017e-05)
(0.008663250016979873, 0.018101457972079515, 7.179100066423416e-05)
(0.00872258300660178, 0.018053542007692158, 7.166701834648848e-05)
(0.008732041984330863, 0.018184957967605442, 7.116701453924179e-05)
(0.008731374982744455, 0.018491416005417705, 7.200002437457442e-05)
(0.008766790968365967, 0.018412250035908073, 7.166597060859203e-05)
(0.008801791991572827, 0.018440291052684188, 7.279100827872753e-05)
(0.008818875008728355, 0.018521042016800493, 7.295800605788827e-05)
(0.008842542010825127, 0.018460833001881838, 7.320899749174714e-05)
(0.008904625021386892, 0.018711917044129223, 9.304197737947106e-05)
(0.00892629096051678, 0.018782916944473982, 7.387495134025812e-05)
(0.008990749949589372, 0.01900233404012397, 7.37910158932209e-05)
(0.009090542036574334, 0.018623041978571564, 7.341598393395543e-05)
(0.008957125013694167, 0.018840290955267847, 8.429196896031499e-05)
(0.009066250000614673, 0.01912558398908004, 8.00840207375586e-05)
(0.009015124989673495, 0.018641208007466048, 7.329200161620975e-05)
(0.009142458031419665, 0.019105249957647175, 8.575001265853643e-05)
(0.009105500008445233, 0.01927941699977964, 7.424998329952359e-05)
(0.009155666979495436, 0.019038416969124228, 7.654097862541676e-05)
(0.009161166963167489, 0.019271833007223904, 8.187501225620508e-05)
(0.009190250013489276, 0.01909883297048509, 7.470801938325167e-05)
(0.009240582992788404, 0.019050750008318573, 8.420803351327777e-05)
(0.009205207985360175, 0.019066458975430578, 7.562502287328243e-05)
(0.009306916035711765, 0.019634000025689602, 7.429101970046759e-05)
(0.00927350000711158, 0.019699790980666876, 7.537496276199818e-05)
(0.009390374994836748, 0.019421625009272248, 7.675000233575702e-05)
(0.009354833047837019, 0.019455916015431285, 7.566704880446196e-05)
(0.009331999986898154, 0.019640665967017412, 7.583299884572625e-05)
(0.009439834044314921, 0.019618582969997078, 7.512501906603575e-05)
(0.009369041013997048, 0.019729207968339324, 7.379200542345643e-05)
(0.009483916976023465, 0.02016429096693173, 7.620803080499172e-05)
(0.009498000028543174, 0.02022341702831909, 7.645797450095415e-05)
(0.00954599998658523, 0.019973958027549088, 7.604202255606651e-05)
(0.009533000004012138, 0.019739707990083843, 7.624999852851033e-05)
(0.00956766604213044, 0.020122582965996116, 7.683300646021962e-05)
(0.009600999997928739, 0.020507999986875802, 7.604202255606651e-05)
(0.009629125008359551, 0.01976212504087016, 7.620896212756634e-05)
(0.009607707965187728, 0.020544791012071073, 8.995796088129282e-05)
(0.00970504101132974, 0.020031207997817546, 8.120900020003319e-05)
(0.009662375028710812, 0.020250000001396984, 7.61249684728682e-05)
(0.009697791014332324, 0.020528916968032718, 7.645803270861506e-05)
(0.009720542002469301, 0.02050533302826807, 7.754098623991013e-05)
(0.00976025004638359, 0.02029633295023814, 7.90000194683671e-05)
(0.00982149998890236, 0.020367958990391344, 8.349999552592635e-05)
(0.00986600003670901, 0.020810041984077543, 7.741700392216444e-05)
(0.009909957996569574, 0.02088454202748835, 7.866596570238471e-05)
(0.009896416973788291, 0.02077587496023625, 7.691700011491776e-05)
(0.009968542028218508, 0.021087916975375265, 7.791700772941113e-05)
(0.009955749963410199, 0.02078791701933369, 7.829198148101568e-05)
(0.009969000006094575, 0.02109354198910296, 8.85000335983932e-05)
(0.010015374980866909, 0.021160458971280605, 7.824995554983616e-05)
(0.010046000010333955, 0.021652167022693902, 8.154200622811913e-05)
(0.010178208001889288, 0.02087854198180139, 7.929198909550905e-05)
(0.010207666957285255, 0.02156729099806398, 7.975002517923713e-05)
(0.01010133302770555, 0.021265249990392476, 7.858301978558302e-05)
(0.01018991699675098, 0.021255291998386383, 9.208300616592169e-05)
(0.010159208031836897, 0.02137933298945427, 9.570899419486523e-05)
(0.010167458036448807, 0.021969416993670166, 8.50000069476664e-05)
(0.01028558297548443, 0.021612290991470218, 8.324999362230301e-05)
(0.010233374952804297, 0.02160404098685831, 8.349999552592635e-05)
(0.010283625044394284, 0.02170024998486042, 7.966702105477452e-05)
(0.010302791954018176, 0.021848416014108807, 8.387496927753091e-05)
(0.010392291995231062, 0.02184200001647696, 9.216601029038429e-05)
(0.010385750036220998, 0.021754209010396153, 8.070800686255097e-05)
(0.01051479100715369, 0.021738957962952554, 8.133298251777887e-05)
(0.0104585419758223, 0.021682958002202213, 8.058396633714437e-05)
(0.010420459031593055, 0.02213291695807129, 8.112500654533505e-05)
(0.010482916026376188, 0.021860499982722104, 8.000002708286047e-05)
(0.012005000025965273, 0.023181875003501773, 8.07500327937305e-05)
(0.010500957956537604, 0.022186916030477732, 8.13750084489584e-05)
(0.010534250002820045, 0.02228512498550117, 8.029199671000242e-05)
(0.010569749982096255, 0.022352457977831364, 8.066598093137145e-05)
(0.010622375004459172, 0.021975167037453502, 0.00010079197818413377)
(0.010670416988432407, 0.022742082946933806, 8.087500464171171e-05)
(0.010672083008103073, 0.022643750009592623, 8.208403596654534e-05)
(0.010705458000302315, 0.02270012500230223, 8.49170028232038e-05)
(0.010724334046244621, 0.022479999985080212, 8.516700472682714e-05)
(0.010712208051700145, 0.02318399999057874, 8.233299013227224e-05)
(0.010901374975219369, 0.022915792011190206, 8.179101860150695e-05)
(0.010809583007358015, 0.02296349999960512, 8.124997839331627e-05)
(0.010844042000826448, 0.022641874966211617, 9.425001917406917e-05)
(0.010862207971513271, 0.023275709012523293, 8.62079905346036e-05)
(0.010872290993575007, 0.023170624976046383, 8.416699711233377e-05)
(0.010977958037983626, 0.023359999991953373, 8.233397966250777e-05)
(0.01094245899002999, 0.023052165983244777, 9.40409954637289e-05)
(0.010951416043099016, 0.02318854205077514, 8.229201193898916e-05)
(0.011063666956033558, 0.02336808299878612, 8.283299393951893e-05)
(0.011026333027984947, 0.023191791959106922, 8.324999362230301e-05)
(0.011091249994933605, 0.02323920896742493, 0.00010891701094806194)
(0.011120375012978911, 0.023495166969951242, 8.487497689202428e-05)
(0.011121082992758602, 0.023731624998617917, 9.666703408583999e-05)
(0.011188125004991889, 0.0238285000086762, 8.987501496449113e-05)
(0.011268332949839532, 0.023872583988122642, 8.725002408027649e-05)
(0.011190459015779197, 0.023560583009384573, 8.387502748519182e-05)
(0.01138379197800532, 0.02377258299384266, 8.395803160965443e-05)
(0.011246040987316519, 0.024390333041083068, 8.466601138934493e-05)
(0.01136566698551178, 0.02411595796002075, 8.399999933317304e-05)
(0.011350999993737787, 0.02395766699919477, 8.604198228567839e-05)
(0.011411916988436133, 0.02447229198878631, 9.44999628700316e-05)
(0.011376750015188009, 0.023953208001330495, 8.37499974295497e-05)
(0.01147349999519065, 0.02420645800884813, 8.31250217743218e-05)
(0.011467124975752085, 0.024518624995835125, 8.412502938881516e-05)
(0.011468792043160647, 0.02451129100518301, 8.795899339020252e-05)
(0.01149145798990503, 0.02476050000404939, 9.67920059338212e-05)
(0.011558374972082675, 0.02450220799073577, 8.733401773497462e-05)
(0.011528250004630536, 0.02453579200664535, 9.016698459163308e-05)
(0.011665333004202694, 0.02491958299651742, 8.73749959282577e-05)
(0.01170079200528562, 0.02487962500890717, 9.81249613687396e-05)
(0.01178958296077326, 0.02514095901278779, 9.350001346319914e-05)
(0.011712375038769096, 0.024759292020462453, 8.687499212101102e-05)
(0.011738458008039743, 0.02502445800928399, 8.516700472682714e-05)
(0.011746542004402727, 0.02539812499890104, 8.600001456215978e-05)
(0.011759790999349207, 0.02483420801581815, 9.92499990388751e-05)
(0.01182508299825713, 0.024907000013627112, 8.662499021738768e-05)
(0.01188995799748227, 0.025079125014599413, 8.662499021738768e-05)
(0.011854165990371257, 0.025186415994539857, 8.712499402463436e-05)
(0.011903250007890165, 0.025206791993696243, 8.691701805219054e-05)
(0.011884125007782131, 0.02528129197889939, 8.56249826028943e-05)
(0.011972833948675543, 0.02534479199675843, 8.687499212101102e-05)
(0.012060165987350047, 0.025367792055476457, 9.970797691494226e-05)
(0.012114624958485365, 0.025539874972309917, 0.00010704202577471733)
(0.01204791700001806, 0.02634824998676777, 8.775002788752317e-05)
(0.01211133401375264, 0.024994125007651746, 8.970900671556592e-05)
(0.012202583020552993, 0.025792500004172325, 9.887496707960963e-05)
(0.012117000005673617, 0.02584650000790134, 8.837500354275107e-05)
(0.012197583972010761, 0.02582462504506111, 9.979202877730131e-05)
(0.012134040996897966, 0.026803666027262807, 0.00010137504432350397)
(0.012271040992345661, 0.026252624986227602, 8.754100417718291e-05)
(0.012323708040639758, 0.026379166985861957, 8.837500354275107e-05)
(0.012293459032662213, 0.026118457957636565, 8.804205572232604e-05)
(0.012351166980806738, 0.026484166039153934, 9.029096690937877e-05)
(0.012387624999973923, 0.02642391697736457, 8.854200132191181e-05)
(0.012448499968741089, 0.027187792002223432, 9.812501957640052e-05)
(0.012524375051725656, 0.025795541994739324, 9.062496246770024e-05)
(0.012426541012246162, 0.026969291968271136, 8.824997348710895e-05)
(0.012473458016756922, 0.02614041604101658, 8.825003169476986e-05)
(0.012529500003438443, 0.02736949996324256, 0.00010112504241988063)
(0.01255412504542619, 0.026860791025683284, 8.879200322553515e-05)
(0.0126152079901658, 0.026843792002182454, 9.250000584870577e-05)
(0.012634415994398296, 0.026696917018853128, 9.979098103940487e-05)
(0.012638207990676165, 0.02679212501971051, 8.854101179167628e-05)
(0.012676750018727034, 0.026635290996637195, 9.004201274365187e-05)
(0.012683125038165599, 0.02762633399106562, 8.9749984908849e-05)
(0.012778916978277266, 0.027115457982290536, 8.958304533734918e-05)
(0.012700291990768164, 0.02668891695793718, 9.008299093693495e-05)
(0.012868374993558973, 0.02744054194772616, 0.0001003340003080666)
(0.012917666987050325, 0.02772337500937283, 9.454198880121112e-05)
(0.012862332980148494, 0.027513584005646408, 8.999998681247234e-05)
(0.012948999996297061, 0.02752283401787281, 9.287497960031033e-05)
(0.012942791974637657, 0.02713591599604115, 9.062502067536116e-05)
(0.012932165991514921, 0.027828332968056202, 9.08750225789845e-05)
(0.013078209012746811, 0.027561541995964944, 9.645795216783881e-05)
(0.012992999982088804, 0.028193749953061342, 9.049999061971903e-05)
(0.013058749958872795, 0.02780920802615583, 9.049999061971903e-05)
(0.013107667036820203, 0.02862599998479709, 0.00011204200563952327)
(0.013120124989654869, 0.028109290986321867, 9.195803431794047e-05)
(0.013160499976947904, 0.028225457994267344, 9.112502448260784e-05)
(0.01323429198237136, 0.028242917032912374, 9.470898658037186e-05)
(0.013899208046495914, 0.02894137502880767, 9.09580267034471e-05)
(0.013336791016627103, 0.028707917022984475, 9.337504161521792e-05)
(0.013274415978230536, 0.028643042023759335, 9.195803431794047e-05)
(0.013301416009198874, 0.028113082982599735, 9.199994383379817e-05)
(0.013314999989233911, 0.07256070896983147, 0.00010033301077783108)
(0.013491916004568338, 0.02875570801552385, 9.820796549320221e-05)
(0.0134305419633165, 0.029062916000839323, 9.39169549383223e-05)
(0.013461209018714726, 0.028572125011123717, 9.32500115595758e-05)
(0.013482625014148653, 0.028805540991015732, 0.00012287497520446777)
(0.01352420897455886, 0.029117708967532963, 9.433302329853177e-05)
(0.013552457967307419, 0.029129583039321005, 9.3416019808501e-05)
(0.013650249980855733, 0.029120291001163423, 9.841599967330694e-05)
(0.013685417012311518, 0.028778292005881667, 0.00010220799595117569)
(0.013687499973457307, 0.028968875005375594, 9.958300506696105e-05)
(0.013705291028600186, 0.029914374987129122, 9.945797501131892e-05)
(0.013755333959124982, 0.029008249985054135, 9.350001346319914e-05)
(0.013671750028152019, 0.02936237503308803, 9.43750492297113e-05)
(0.013808167015668005, 0.029486707993783057, 9.50830290094018e-05)
(0.013783874979708344, 0.029906375042628497, 0.00010679196566343307)
(0.013860000006388873, 0.029746917018201202, 9.429204510524869e-05)
(0.013863499974831939, 0.02956483297748491, 9.50419926084578e-05)
(0.013894208997953683, 0.029704875021707267, 0.00010312499944120646)
(0.013935542025137693, 0.030379207979422063, 9.408296318724751e-05)
(0.013954666967038065, 0.029918125015683472, 0.00011445797281339765)
(0.014079791959375143, 0.030439666006714106, 9.604101069271564e-05)
(0.014092583034653217, 0.03017020900733769, 9.470904478803277e-05)
(0.014023041992913932, 0.03014345798874274, 0.00010029197437688708)
(0.01411054196069017, 0.03046695899683982, 9.604200022295117e-05)
(0.014060000015888363, 0.03066529199713841, 0.00010704097803682089)
(0.014104124973528087, 0.030291040951851755, 9.770796168595552e-05)
(0.014144167013000697, 0.03077912499429658, 9.558402234688401e-05)
(0.014253417029976845, 0.030912999995052814, 9.649997809901834e-05)
(0.014235915965400636, 0.030543875007424504, 9.616697207093239e-05)
(0.014355958963278681, 0.031140292005147785, 0.00010158302029594779)
(0.014365957991685718, 0.030769208970014006, 9.654200403019786e-05)
(0.014450250018853694, 0.03039366699522361, 9.67090018093586e-05)
(0.014451917028054595, 0.03053237503627315, 9.908300125971437e-05)
(0.014413500030059367, 0.03168716700747609, 0.00012608303222805262)
(0.014456417004112154, 0.031115334015339613, 0.00010912498692050576)
(0.014566708006896079, 0.03106370900059119, 9.691697778180242e-05)
(0.014480457990430295, 0.03189204097725451, 9.658397175371647e-05)
(0.014635125000495464, 0.0311624170280993, 0.00011116702808067203)
(0.014563750009983778, 0.03142679203301668, 9.708298603072762e-05)
(0.014633500017225742, 0.031156749988440424, 0.0001005409867502749)
(0.01468087499961257, 0.03191433404572308, 0.00010495900642126799)
(0.014743041014298797, 0.031366667011752725, 0.00010083301458507776)
(0.014916999964043498, 0.03229204099625349, 9.737501386553049e-05)
(0.014720582985319197, 0.03149266605032608, 0.00010016700252890587)
(0.014723707980010659, 0.03231683396734297, 9.791698539629579e-05)
(0.014948958007153124, 0.031865417025983334, 0.0001105829724110663)
(0.01486799999838695, 0.031670874974224716, 9.841599967330694e-05)
(0.014881125011015683, 0.03211058402666822, 0.00010154099436476827)
(0.014870040991809219, 0.03252733300905675, 0.00010658300016075373)
(0.015049375011585653, 0.03215041704243049, 9.941600728780031e-05)
(0.01499358401633799, 0.032672333996742964, 9.941699681803584e-05)
(0.015090374974533916, 0.031828333041630685, 9.841704741120338e-05)
(0.015083000005688518, 0.032346874999348074, 0.00010383303742855787)
(0.01525754202157259, 0.03283400001237169, 0.0001277910196222365)
(0.015064332983456552, 0.03308241703780368, 9.92499990388751e-05)
(0.015156292007304728, 0.032610916008707136, 9.899999713525176e-05)
(0.015173375024460256, 0.032913166971411556, 0.00010370899690315127)
(0.015247082978021353, 0.03295237495331094, 9.862496517598629e-05)
(0.01525004202267155, 0.033163333020638674, 0.00010050000855699182)
(0.01534179097507149, 0.032737875008024275, 0.00013262499123811722)
(0.015318249992560595, 0.033062958042137325, 0.00010050000855699182)
(0.015386459010187536, 0.033010416955221444, 9.991700062528253e-05)
(0.015435790992341936, 0.033614291984122247, 9.975000284612179e-05)
(0.015431458014063537, 0.033373915997799486, 0.00010066700633615255)
(0.015493791026528925, 0.03388224996160716, 0.00011445797281339765)
(0.015508249984122813, 0.0328078749589622, 0.0001027500256896019)
(0.01555245800409466, 0.03398949996335432, 0.0001022910000756383)
(0.015574374992866069, 0.0331988749676384, 0.0001039999770000577)
(0.015551624994259328, 0.03401074995053932, 0.00010025000665336847)
(0.01566799997817725, 0.03365300002042204, 0.00010358297731727362)
(0.01567279198206961, 0.03381745796650648, 0.00010045798262581229)
(0.015698417031671852, 0.03391395800281316, 0.00011600001016631722)
(0.015787792042829096, 0.033531875000335276, 0.00010549998842179775)
(0.01577754196478054, 0.03360829199664295, 0.00010116695193573833)
(0.015784666989929974, 0.034031375020276755, 0.00011304195504635572)
(0.015873916971031576, 0.03405908402055502, 0.0001016249880194664)
(0.01582933298777789, 0.034743166994303465, 0.00011029100278392434)
(0.015970333013683558, 0.03426008298993111, 0.0001010000123642385)
(0.015916542033664882, 0.03409204096533358, 0.00010175001807510853)
(0.01598341704811901, 0.03381195804104209, 0.00011374999303370714)
(0.015963624988216907, 0.03467441600514576, 0.00010187504813075066)
(0.01610499998787418, 0.034619249985553324, 0.00010500004282221198)
(0.016133291006553918, 0.03528829198330641, 0.00010129099246114492)
(0.01610708300722763, 0.03454175003571436, 0.00010145897977054119)
(0.016160250001121312, 0.03542258299421519, 0.00011487497249618173)
(0.016220916993916035, 0.034863749984651804, 0.00010324997128918767)
(0.016247374995145947, 0.036026749992743134, 0.0001033750013448298)
(0.01637454197043553, 0.034656915988307446, 0.00010449998080730438)
(0.016270541993435472, 0.03570800001034513, 0.00010354199912399054)
(0.016370167024433613, 0.03548758302349597, 0.00010416703298687935)
(0.016370291996281594, 0.03546608402393758, 0.00010333297541365027)
(0.016438167018350214, 0.0355320840026252, 0.00010345899499952793)
(0.016449499991722405, 0.03603379102423787, 0.00010366697097197175)
(0.01657583302585408, 0.035493207979016006, 0.0001068339915946126)
(0.016507291002199054, 0.03569212497677654, 0.0001164580462500453)
(0.016530750028323382, 0.03515045897802338, 0.00010491698049008846)
(0.016597416950389743, 0.03588145901449025, 0.00010383297922089696)
(0.01658425002824515, 0.03573716600658372, 0.00010404101340100169)
(0.01669579098233953, 0.03620999999111518, 0.00010766700142994523)
(0.01664450002135709, 0.036246250034309924, 0.00011958298273384571)
(0.016651999962050468, 0.035804124956484884, 0.00010529096471145749)
(0.01683095801854506, 0.036112750007305294, 0.00010474998271092772)
(0.01674483297392726, 0.036672707996331155, 0.00010416703298687935)
(0.016848125029355288, 0.036857041995972395, 0.00011483300477266312)
(0.016978416009806097, 0.036703707999549806, 0.00011729198740795255)
(0.016881291987374425, 0.036306916968896985, 0.0001134589547291398)
(0.016919541987590492, 0.0361402920098044, 0.00010520796058699489)
(0.017019874998368323, 0.036299999977927655, 0.00011545902816578746)
(0.016989791998639703, 0.03745587501907721, 0.0001181670231744647)
(0.01705137500539422, 0.03656666702590883, 0.00010612502228468657)
(0.017028208007104695, 0.0373542089946568, 0.00011212500976398587)
(0.017121958022471517, 0.03703766595572233, 0.0001069169957190752)
(0.017131084052380174, 0.03733283298788592, 0.00011799996718764305)
(0.017196667031385005, 0.037532957969233394, 0.00010912498692050576)
(0.01715791702736169, 0.03684091701870784, 0.00010604102862998843)
(0.01722170802531764, 0.036876457976177335, 0.0001065409742295742)
(0.017270583019126207, 0.03712125000311062, 0.0001147910370491445)
(0.017313124961219728, 0.03734441701089963, 0.00010608299635350704)
(0.01727533299708739, 0.03736683400347829, 0.00010729202767834067)
(0.017364416969940066, 0.03799287503352389, 0.00011058396194130182)
(0.017496125015895814, 0.03795833402546123, 0.00011937500676140189)
(0.017472082981839776, 0.037851667031645775, 0.00012087501818314195)
(0.017473666986916214, 0.03742254199460149, 0.00010808301158249378)
(0.017529333010315895, 0.038435124966781586, 0.00010795798152685165)
(0.017558959021698684, 0.038212041021324694, 0.00011962500866502523)
(0.01765425002668053, 0.038464458019007, 0.0001087500131689012)
(0.017611209012102336, 0.03787604195531458, 0.00011645798804238439)
(0.017688624968286604, 0.03914562502177432, 0.0001088329590857029)
(0.017656999989412725, 0.03954833297757432, 0.00010912498692050576)
(0.017832832993008196, 0.03905562503496185, 0.00010962499072775245)
(0.017860291001852602, 0.03838208405068144, 0.00011187500786036253)
(0.017816249979659915, 0.03900391701608896, 0.00010862504132091999)
(0.01782258303137496, 0.03883841697825119, 0.00012195896124467254)
(0.017953000031411648, 0.038293874997179955, 0.00010983401443809271)
(0.01794704096391797, 0.038977791962679476, 0.00010879198089241982)
(0.017960584023967385, 0.039249791007023305, 0.00010899995686486363)
(0.01802670897450298, 0.03944729099748656, 0.00012683402746915817)
(0.018046415993012488, 0.03985695797018707, 0.0001112080062739551)
(0.018164958979468793, 0.040167958999518305, 0.00011337501928210258)
(0.018211874994449317, 0.03913120902143419, 0.0001307500060647726)
(0.018189791007898748, 0.040178041032049805, 0.00011062499834224582)
(0.01823070802493021, 0.04009354201843962, 0.00010920799104496837)
(0.018280541989952326, 0.04024808300891891, 0.000122375029604882)
(0.01827929203864187, 0.03949312504846603, 0.00011141697177663445)
(0.018321708019357175, 0.03971325000748038, 0.00011016696225851774)
(0.018355417007114738, 0.04059437499381602, 0.00011204200563952327)
(0.01844633399741724, 0.04064516699872911, 0.00011783302761614323)
(0.01843308296520263, 0.040308541036210954, 0.00011083297431468964)
